0.286744685020339 -1.75444212409394 11.8462500031332 0.447624882521588 -55.8387060033422 31.0238396175774 102.615461314844 31.0229045379608 141.240350893521 -215.413139038156 88.9716002387747 -26.7345513612747 277.888334042893 149.984951718516 142.248512838313 115.65544270103 91.1373826221442 -244.368493151191 42.5747956871702 983.51797485857 -309.387865999095 -317.467706158836 447.04944345241 -34.1278006253141 -565.915616368976 -1408.16646905662 -766.980249120528 1001.81114927615 1015.62643663661 184.705206090928
3.63544495454597 2.69795839062768 -1.46407647200453 -35.3205120039693 10.9370055615463 20.0430205819704 -52.1879428499909 -13.4892456331017 -82.0435952022102 -117.943139808232 50.8582560877988 136.752735125384 -210.184615094447 99.7422873345884 10.6712387998326 -65.2362978715795 -355.991055265984 260.695130246967 -44.1603053485382 -171.925636128233 969.486875330439 232.415963241387 212.59340385244 285.668311065525 49.915914053304 292.619193294638 -259.410271621151 -1788.90996315426 1302.38102782498 528.317886226025
1.24920053989391 5.53923962798844 -7.5920678689463 -2.28991255307301 22.096649727174 -27.3700810764914 87.4430634016393 -34.2430134128814 -31.9832373715719 65.0010973234672 -83.897423607815 -9.59384175914974 -188.107981260468 141.981464006741 384.590615054083 -250.36032219778 -388.117942910085 38.9793938655535 -318.311992356096 -64.648102358992 -158.826228279893 -836.663790275549 -37.8494142166139 -1500.58099607621 -292.451308463019 496.155893894377 147.628043395809 -493.970970004904 1085.17070115768 397.380754484693
-0.729394393964827 0.215385962403912 8.60290023645573 -17.9183129637072 17.8154929470613 -40.6887113405352 22.5503302140381 -5.91194608498 -47.4832222079305 -85.1933075257089 -51.9006406466105 -3.98785292483515 34.5851028782687 91.2200318761716 138.466228394038 -352.888800800988 -240.065596433374 17.1214887256415 343.520122561028 -537.422279990373 -676.212722589749 -438.178136641678 -438.652920072605 -231.34770787393 -253.211926267883 1167.38872635177 72.4282561597151 860.907687636441 291.807480279796 -323.684222756712
1.53235758639296 -0.754823509752492 1.7866385848883 -36.9175424020972 2.20544270055242 54.2932025951183 -14.7462906085647 32.0868741696973 -89.1367146298308 135.499313877049 -74.7677546565829 -95.1657370243579 210.066341263242 -39.3058861655847 -406.784372622442 55.7300227582849 184.465159766705 58.8894472545757 387.685792713852 -79.3567840110421 103.816491273574 -404.875175801499 570.249857327402 -254.424425950976 4.86343205635672 685.933138133359 -14.2144608291629 -408.649802053918 -192.844208116201 303.428489483162
1.42141867079096 2.68065627493737 -16.2366384184413 -14.4351763383093 9.53670481036627 36.2133319333867 92.2122391673141 39.2684684049266 59.2094257289563 -38.8522572603865 112.473006341754 186.998758494534 -159.795924252095 -451.681733688452 149.392090010536 27.7458328246345 -347.795284826321 -224.845813634144 34.5705402224502 442.343334914129 -496.319374320345 419.480862158072 200.392547951143 -738.267339981384 698.188748590434 1720.6315236122 -731.744326140385 1494.28249564085 12.1924891068365 330.239842491183
2.0022853079273 5.87828056334848 -2.88157465245078 13.4321793539035 6.42879523112653 -12.6665709950121 56.7013200626635 103.266937666357 -56.3688999894279 -65.6300309546342 -142.468258860848 115.087046374782 0.259228858944285 -150.400823165124 -37.0001011307247 0.903298766821937 128.444590039801 -73.2484782638197 -514.053143937706 -273.641308302391 -254.135011006937 766.553724857585 -949.678462989537 354.826176007816 -130.121409682061 -290.288880231951 118.736181835903 -988.332437222683 -214.632357618604 968.649259162809
1.26952171128964 -6.53709219331162 10.8191351944769 -17.4442392185439 -13.9650452616327 45.209044459739 -117.839410963089 -33.667176681262 47.102701453595 -85.6861814307049 -181.162417748826 -1.11251243389044 100.929382797657 33.6777692091601 -281.554875452541 59.6427235294909 -245.382445886933 386.574225372374 253.449047102413 -181.949224235093 240.210324949367 -339.327325683716 1281.84585407861 721.272533941402 117.310581640293 -166.272792658785 -142.170632735143 452.672110828211 -875.006414898034 -165.868058660777
2.58073073233656 -1.41328263957388 6.32093930877357 -2.39247692041388 5.89092897384758 30.015929362063 55.5931960939666 -8.38548726196745 76.771675170237 39.8775404951117 81.4319502611948 70.9702120206889 -93.3646119352315 240.423468327019 320.829379060335 256.701958448244 68.7788347259542 44.2073303134924 -412.195850825843 -211.047346458331 -48.87351951909 234.083804795824 -327.237544124704 -262.341911389697 -576.680902345767 31.0192861700867 -1002.85523123198 -254.80176373459 -600.125231741796 -593.2278702496
2.37123932732516 2.98401498896912 -7.72440068579752 17.3800433702426 25.6802998547124 -1.61654798303311 20.4821830320025 89.0751339893341 13.8508001414196 -34.9263235525732 -71.1673846531481 162.179346473471 -70.9854734040376 -27.9199964218071 -37.0350271397071 327.577123690684 -141.893906613407 124.986022696083 197.924304355557 5.69202123504075 146.837771343982 546.286842719135 -302.231550575088 -506.695398101586 -106.294961295116 -921.595993554463 229.836990239127 849.47542984226 398.974292283936 -473.272359335936
0.307469749725001 10.2524128195192 17.2338743970015 -1.21036863326119 -25.9559121697127 -14.4479813395042 22.9534043359013 -43.2579443101959 -18.1779061776465 -18.9668153878019 64.8116096690426 -202.516049691737 96.6964475419523 -90.0711441900118 -223.680339270307 177.052447082998 -179.659803225938 171.313947093209 -88.0694526775338 517.69291665251 570.490641963304 339.350460704115 34.4409514733013 553.898735756273 472.746042809395 -189.923958685898 711.173400500878 -706.723158678285 -885.841682709833 -242.018068360521
-0.144095733093502 0.27581299671213 10.5879836205458 1.65329112194435 18.0804426623497 9.60643762130216 36.1848188203934 16.7208918929944 12.5905239442124 60.5510375983841 130.703640855492 46.9415027753632 2.96081441171258 206.875395779806 -273.054737043101 -282.076779009845 -21.5996568601529 25.0408788809344 -142.030138383035 18.9986902879025 -591.946806001651 -5.8054700119434 77.8132277720589 421.601108532698 1312.84331768873 -61.1326185706448 848.812244613334 175.169642056165 -11.803815149873 -1375.0939344684
1.32399349437147 0.0739423263086889 14.8754541044992 -33.8128629429118 -30.3444341886896 10.7878177552401 -52.3630951751811 36.9602384461068 -33.6899168565303 -62.3870310024031 63.1629907988407 -131.276167669273 -241.271015945191 589.169745438575 -229.132221638834 -359.135856285148 214.862094174959 -369.760923859229 -448.880387788697 -159.921515206672 644.689957952855 -43.29841210655 522.989153848622 880.732614516194 379.201061287145 -704.130771018235 -188.465509028651 -256.523979248209 -367.880919746502 1693.21930476583
1.71915666528965 -0.116162519751951 14.6870450482302 -15.4372540735494 15.043623080725 35.3110091247895 -34.1444296662007 -3.71502836647547 -49.6029608675431 27.2409597632123 -86.2596545035736 75.689489038786 8.84696847464539 93.6407064207795 -124.420764579788 -105.025841829762 -4.35074718060882 161.170624890365 133.773271429239 70.927354391697 -357.941987044789 -633.14639959288 -579.362360841192 -207.164053679185 706.758668706381 -866.256126143248 -329.128489363176 37.0490890530327 1532.84026096402 -2.97600328972667
1.40560767381701 -0.829160722161347 6.96339417635773 11.7973082181765 3.24490609727537 28.3050508284844 -67.2916814271969 -3.63267169646295 -4.69097366797481 -44.9306520773127 32.2422247423605 32.2873448893048 -18.8247363814595 -141.569998451479 101.965849534468 -127.1211067565 319.767800099145 185.759787894677 -268.524454673443 -285.811612005617 354.138526012398 213.506396468216 -56.9489402152005 -460.503264192059 84.9468043391715 43.0859955963434 566.495457022033 96.6418273325731 -1075.69519394565 -143.168128328295
2.58906957563664 -5.85327797184017 -13.3447248180242 -27.2638781551674 -15.9969189971614 -36.9858738458817 20.4594031491276 -76.2302289067109 -34.8284348468554 -74.5417358720442 -140.184828892718 7.98110325247274 -4.16098817557823 69.0064225687634 -440.382037002686 59.2179529558288 313.741935480064 -332.8948889335 -183.014006093856 114.63239553709 181.267165435361 -683.085431771224 668.859419569114 203.796716407144 73.5838835786283 1332.33505436035 -172.680182793696 -464.151524864812 133.370411253918 -1691.99086881515
0.182890390606959 -1.76008236436638 14.1166819735287 24.774779897596 -40.0658777297922 5.972079998101 -18.5021740039915 -84.6930596012214 -2.20192336779472 -9.71011598914059 -48.0621607896578 -71.4176825692317 -83.544407336568 -147.916783837352 109.675792843455 -304.573107701369 177.897743087223 -25.0781707971417 552.989107020604 1101.82074805318 83.9074278317934 -241.880882932785 -187.58618148798 130.297330928769 1618.01704486055 436.937126569795 19.0879203982063 -1595.45361037924 438.118400225809 -111.653152164707
1.79831422851266 1.59043218623058 -4.18475515898234 1.54363761362659 -45.2096337147878 16.4650883589717 -49.0724270599168 -66.8553763682923 -91.6603739616772 -170.03587484458 -94.7144253894436 -24.0394404825774 -39.1120366510713 -130.240984782449 22.2667818117375 -118.565206237182 -217.381712397857 -351.550169013712 -556.926081601054 -240.62090090676 -632.024352358097 552.451653268841 -148.2824685854 -292.924987317636 -378.713521844477 394.957352516076 -454.441440587008 65.4609026137605 818.85267217665 770.455154066866
0.6289251350053 9.63043684401498 -13.8597192577772 -22.3701030478642 21.0252908022082 -14.1218771604339 -33.4167869211584 -16.4543292111365 122.852237989091 -211.43737094826 175.404530461562 -278.335253248932 140.813702962271 1.92706653616443 147.66548643945 -318.159134451721 -268.609233066295 -166.980914583215 178.282142354621 41.9142103932844 -749.19744887876 -192.365729339094 134.770369088076 265.907604800122 -887.242535038781 1213.75112319852 -135.899645229767 535.02158675191 -656.786968844228 -2154.4412153059
1.33490761515017 -3.60115403731046 -1.37171908177749 20.7464830186083 38.7785486418565 8.45180382393428 20.8209486758069 26.6171316657533 -69.3391237960924 -51.7057553422401 145.778948990353 -30.0408800292656 -376.229402957065 385.783534400022 -7.2687550913476 233.472949152636 -328.300851360473 -77.8092229436102 93.7069260256196 -831.051589881644 703.011260647854 -6.20542078097944 448.110672046937 -271.295277824562 372.030593971272 -502.8262118529 418.086862204983 678.233720801815 -438.757695556432 -1172.45469851746
0.945986047144486 5.30722298474727 -0.345027980536552 23.5566817606923 -26.1199011670585 -46.5291801363721 17.420388873883 2.76291984533991 -96.11418973245 126.656667174687 -123.160524917401 114.497695971963 111.23274320389 -23.3200811795798 149.271876421294 73.8512651726208 85.0759490831073 -305.762072644184 -104.423041797504 422.607251596217 757.106446095939 35.2618430400233 -209.430377571507 578.300043125863 37.1603552168637 -478.724221294517 -25.8885518977671 -103.464408073853 -767.470722557502 1074.73888508832
2.51124564645773 -5.46333199291479 11.6897359336401 17.134874029311 36.21497199888 36.690506941191 -20.1111082802798 142.814569444495 -18.7433980056363 -0.902755974145817 -126.848627996459 168.660045313242 372.237433885289 71.0145495166887 309.703901342616 -622.142599199681 124.880284301604 -195.914857759603 -332.042802686716 -157.694426900328 143.630609492834 558.540685422115 -24.3087229786041 -100.554773485779 -628.333019969188 44.1170230872343 -1161.76931044189 437.174597198304 -1326.26433327386 -892.080818507374
0.639748845790861 -5.65713221262819 13.1495304702115 9.35013859168652 16.2700107399121 54.4161287938992 14.4888512526878 90.3352718589563 -59.0316898811615 -255.941208672949 182.724740910461 -50.0171369457767 67.7709392671687 -90.1689466670635 48.792222529788 220.888655056718 -177.683400223447 538.978005135017 -316.720702089872 85.558278788142 303.817643198469 -27.1641548969354 1204.09268051352 768.097502057589 497.246094809237 -332.187937064269 -803.854769866563 407.386060630646 -124.942541040651 -779.414074629249
1.99924303440225 0.751085248861316 1.74304571387744 -9.73211945587749 -4.70498032624526 -28.1726464190219 -23.08890422553 -74.2928718465192 -67.6968231474271 135.722808397763 165.792640228637 -107.810197532003 -71.928652811402 -295.545105087184 -280.182304411869 46.924598286839 21.1669502684333 -66.0136135303881 283.16034258218 577.732938318948 -407.353371462109 222.889213888393 1116.71012058683 289.603876000582 -435.891760730296 774.494761394075 -445.155351889102 -224.378997916329 136.865853350812 -2390.2165566086
0.780589065287147 1.59292927977966 -9.59890101712161 -30.0911384444722 -1.60383000703393 3.56167272654571 22.8175651376838 53.7542962740719 162.842613870456 -52.280705816473 -43.7903158029767 -30.2467238186694 -123.749966596035 -253.013918143856 395.15120467923 -286.326738035959 164.969274109085 -376.857337155787 13.841313547604 126.558926379011 -161.209240837975 -975.065226637899 -524.544625474531 587.876065559052 407.290143243299 -482.453333740571 -85.3159324077607 -337.311647470552 -1243.74314470835 1040.92984684545
-0.523570745428827 -1.50430276584828 5.81215663934246 -25.8004243359445 17.6934677767798 17.8274703350409 -12.2197896850558 -51.9007537413692 -46.6858130578485 91.7318419246905 -141.581058838891 362.43071787275 303.039391605634 37.2205745339006 186.512388945041 37.7434286114585 501.269480786227 -396.013478978012 -438.002554134271 75.1986472182349 -216.862222879132 140.562209626434 -309.615035310905 603.766669168248 192.459504051731 162.504943152702 -439.925377020625 -357.555303572459 -70.0264917764639 1019.47381188922
1.45761199918996 2.0455230262249 -1.85879303057522 -46.9011313527101 -40.7762022784952 6.77509316253698 -10.80475290863 41.0127423184877 4.69567432652609 124.308764511889 -21.8859528681268 169.996775666542 168.972624644761 343.072528012682 -175.409716152367 280.45924422733 -340.3576578735 -115.798030866771 -64.1041436848725 -14.4666394655673 492.993697517363 -513.568853618723 697.88992383486 -147.704699266838 -186.527856355582 -159.506351718513 -113.515521071719 832.455821100272 -342.48059001438 537.55440925361
-0.537372442207689 0.165213470471382 8.51426375832827 -1.7011353778425 26.3140932568624 27.6600877097469 -53.5532549435679 -47.6428603430295 62.7371930582898 123.402781169147 118.249460793678 76.6724613329868 -81.6624534016561 -505.839825157031 135.480643940147 -163.341250610568 515.342709315907 -199.033074060257 354.145102501448 -28.9636544099723 375.457816485718 173.937315864437 255.418199234855 -327.595626083437 418.426878444982 768.939463680623 237.298429008856 -811.032560256744 -654.169983073451 1001.07468247853
1.33797343726468 7.68742019355008 12.586447064556 -16.1896679250218 -32.526665142027 -62.9047985583252 -12.0853900189768 -75.8908595419446 -37.1906363328236 -86.7281596971123 284.019141587966 52.7943510156024 195.972937102481 -203.909427790737 273.132867452326 200.539700901675 -64.8044123666317 140.473516029747 -112.985725566368 -192.567520091559 -644.922925506915 -90.8515440252725 -220.678004178797 -703.07031649737 658.722348342387 613.319581208534 843.658219569517 1059.64678179048 581.112482045534 -338.42899359053
1.90487026459427 -0.113891752253172 4.7303017221797 2.89578364491057 -38.9678864160558 -73.0480544701796 -69.6644982557658 0.987825185969894 -27.2598880887106 57.3202927582343 -5.39959561337527 -216.107767974944 16.7760118356856 451.552125118039 117.706515562222 36.9103709693562 139.8097821301 149.488933854812 -373.679464062267 117.574034202751 358.567703432684 -320.281972110648 605.324484187244 -221.044799790698 -554.126368309084 -557.832978227969 472.167691523221 333.318677239821 329.114350368868 -585.972208349468
1.20780615180608 -1.22964407544453 -4.01075931935621 2.34754554410831 -31.2166695140465 -26.5781884144707 91.848412440712 46.759679218032 -75.4651664346479 -2.2254417394782 -218.495231841346 -125.950411967775 43.6058397914935 4.22991509476733 -375.679626612072 -370.852801024173 -475.442686518802 -347.158589942929 -353.04757098583 880.593439809664 512.004730917275 -218.725151531504 629.569092593907 -650.957867997031 -1597.55264211593 1825.30324167514 779.508935053106 482.248927233196 1455.03156063652 602.85127971634
1.60351232278481 4.0098370586434 -14.2542240944374 14.3467953321819 36.777694864945 -21.7318463224283 -15.9586002990832 -56.0588140049726 -88.91676936718 25.0895615985858 -103.047594878509 -289.279175302686 -83.9496134366255 -240.052760841002 294.309043062542 -145.07864797789 -182.208514813787 -154.622792342668 9.29555399543749 -535.11166915439 476.996264367482 124.435475792928 289.541363049748 184.920687978685 -189.610428796335 465.557228493882 -236.240975840685 1445.99583086095 1276.71620863446 724.857201265152
2.298379700211 3.25663739710173 -1.33303010508863 -38.1157001409692 13.5411665970576 -12.3405990183919 13.6212346997757 -17.1664248762934 -32.9392515374292 -166.526736139564 -20.6550811692336 120.760845971127 361.684084402542 -150.317686153351 259.959337401831 8.62929790266653 -156.374497475361 -513.291615498191 -12.9464475238571 157.587336322318 609.60170987101 -371.170251980391 285.64841928048 615.203662420145 -451.537369111372 721.472026245239 -1488.07339076312 -550.713809776238 76.5632916135946 227.795541692206
0.0972144918457176 -0.78005878521678 -4.82952067672656 -0.379795684046386 -3.27102093272299 -13.820185101936 -24.2523055111501 -2.9691558777548 76.760735645018 -32.5931175146217 33.8957744005159 113.738926943236 77.7998792735342 71.0011940401311 -122.710958024392 -42.9636678687255 -115.526112882616 660.364284048217 -337.825543846592 62.9032959865535 -355.532862240654 60.2821060408297 -957.711267614114 -87.2839403007579 653.51934874947 -736.329592816479 -535.351312639823 525.450050050346 -30.8100851409047 -151.897903110155
1.1280446121254 3.27462979176045 14.6001666017069 -0.857814965806919 27.6644496730475 22.3778046188751 24.9393948454079 -11.3012744468926 70.3459140320798 32.1613235464268 -164.16482284355 7.62936288544197 -12.4640323808057 78.3504863932145 233.549641144 -303.282540618961 537.340722395359 -178.892793537285 -6.09672242179312 -400.026765743597 -288.676418795589 1064.90703974294 -847.109415056127 -324.714176178663 957.998418259146 -1164.48309436787 175.616127309071 -718.690427382273 552.994639720702 -256.955371627035
0.614075018894535 1.72543944986949 13.6796570926779 2.20999735801858 -6.38357324120661 59.0149962369448 -5.93820105608842 128.045048376265 -74.8191096340556 -115.332658063255 68.5382702626281 -206.4186886806 191.729834044773 160.377045177686 166.256879574531 -11.0512488421704 51.141374081453 114.647137653424 -488.71896595333 7.66143472400061 72.0171954510475 -498.512551321892 684.617867780677 -709.183348784884 787.735478330466 -339.510209594364 781.14442358677 989.403346086861 -874.090305286604 17.3268660485592
0.0627410717403304 -2.67355461538683 0.159887369156349 15.5875776045916 10.7046624082492 45.9424646897224 25.7577348825409 -63.6658481208855 43.0795142290092 -215.385270828611 101.057554484985 -134.444196739207 -23.9602776782314 87.473139767058 138.54295252561 25.8040023828521 -55.8251169256212 -473.860849143328 160.705557050793 1032.54814718726 272.320251809091 872.709453394358 490.41990335669 -449.163664597621 -174.307918073663 -938.018091603743 -352.165361306177 -76.7287074174416 1753.15936721734 319.499499414582
-0.993211832653609 3.42174884174243 -19.7279150083451 23.5116285800546 10.8753444708917 10.1981620886887 -4.6368740883637 89.4687807505844 -21.2493985573338 -143.881533316197 -95.3316872897414 158.872230287107 -72.0433848115197 189.154543416924 -1.0284758958048 -161.236287620133 341.022094113595 -56.7687803697486 456.632570418858 -62.2118141084123 321.889790074423 -333.402348710184 -663.864141188208 789.365376981609 -844.2068345847 284.358482582303 -292.401506959192 409.398391519927 886.398784007034 -2486.50632433069
0.581014043926651 4.95500190047999 -5.10802733142456 -1.81254670424981 -24.9399164396061 4.28566606822516 -4.20247599482328 -10.5388134848204 126.177457980816 25.210518160782 26.5279872233574 252.244944404165 291.732556762214 -177.543290881117 102.680586792188 -281.749919038432 -198.046519018587 106.89838486101 74.1104666625989 555.147260749154 143.527046297994 -857.94366355156 273.653488995155 713.979837763116 921.923329332754 6.01468412643051 -863.207462316995 -1899.54457951562 177.8548334074 777.54728004314
0.451452319013878 1.55450955024046 6.27788866544079 -31.3370551198778 -8.52749137704446 -11.7386361906643 -38.8937490184683 39.0755696896743 71.5343589904901 4.92666622993666 -175.723529160898 94.4369786118383 260.770909635367 -251.962404588299 377.945312071523 -179.5025517209 353.428017033677 -143.119123628942 -329.110235926352 -171.145997160864 -522.52387305227 -579.408424144638 -178.625820121985 45.0671494096011 -187.574549723943 -69.6170923541589 -634.956580239224 -302.043885378261 643.61594066324 -307.538238979058
-0.113082462806813 4.41296041411636 3.01714244407159 -4.895915257396 5.02391422969895 -34.0418244874851 -7.12027719674137 40.8522176519968 -150.087100634369 120.889866970777 172.68969873459 12.0615134764249 -144.713358739821 -178.777339373863 51.9034059396444 -240.242446089807 155.495715823353 -468.610055023396 -636.329425968336 -455.02635343211 381.792099878438 -444.664648327832 82.6036230735583 711.897377713731 220.077265824742 1406.59445424852 786.583049519828 139.026286165885 1141.83538502855 -1036.42414672069
0.66566980681964 3.16751815000475 -3.00254897545764 14.337503287155 9.70102794650121 -50.2560998357569 16.8928293527595 132.411751894967 77.1614187340766 -36.3440717105469 -63.0952001245031 184.351634638548 -276.432077316208 63.7809211861752 -74.6175486759419 -410.04484851495 72.0745697618787 408.33030201671 15.5422157177517 552.196359920435 -805.168284595226 -556.192771097233 494.113892838486 -460.395565086527 1656.30241468429 208.959591124223 -665.297236569329 674.66295236187 -92.3574825509661 -200.984162943548
0.283546667236495 -0.91500366924868 -10.8437688591737 6.45986831260443 -34.3601380535086 -23.1723215382359 5.87342793051114 43.7003861890542 -54.2717227576579 -127.690840311074 23.9170525321446 -162.454988915549 -200.925652757604 27.2479320426007 -22.5643556892539 583.280321384089 -434.122699359751 -636.602128864468 151.511090888282 451.923037847488 111.960107668186 474.700384248677 162.291292620788 -360.348411984579 393.700575181304 1240.04870892279 487.779573391879 524.281738496492 569.084072598641 -99.5906088746767
1.27502224603658 4.60519800431574 -1.81154690506106 12.6818930493677 49.7087357602946 45.0539071705968 18.3699148729672 8.53907816137778 -30.3856717174519 -7.61298486537895 -151.901352775088 -63.8586090603605 -241.645440114648 140.957569081424 -375.590103269544 194.767197572647 350.875391013861 205.649761642565 377.742771857891 -210.577381345066 76.7306514099886 -785.635757069424 422.428129882825 -952.794335923265 -611.498726909747 502.518665448848 -623.28873030815 10.2380009268009 52.4010926243214 248.017684092511
-0.652058674843647 0.811574951571705 7.76768665153973 -0.0447115729181702 -24.0184810504934 41.0462552670194 -23.5992336559341 -79.7353441059052 57.4741454022104 -196.598694457279 120.074064674581 -204.870619277754 -139.20663009379 57.2580757151311 -212.804474079871 38.5271800663049 128.635690893446 152.660253324792 -154.824427959798 -70.9200323584928 -579.813300515913 442.04099459847 496.396711866407 85.0625914574704 -846.928785968683 960.361230124357 754.90256876167 1347.68096769241 607.87614594342 649.273080189065
0.111624028615709 -0.24234241887557 7.91503204603674 -10.4719847804947 18.8228098176282 4.654118484945 -20.0521612678133 140.278517630265 23.4623332590466 145.608755139925 -54.7281064525177 -10.2924949509788 -56.7218210579992 218.679900827237 375.513312933464 74.8393178438636 310.065787189353 -202.662971282481 -26.1744534837514 -619.479076741124 448.402078662746 -858.62480962272 328.695044209811 -446.335793565594 265.092172645728 104.696786188779 26.9273839368503 385.323513575696 -609.161992574551 560.3515518847
0.554940290114441 2.70257351190204 4.30558206708934 16.3389115435868 -1.80704774313409 14.7285735757148 25.8320237774337 -14.4501607837857 103.125525979342 -8.06613373186262 7.10545647419317 -63.9421606642536 156.33270948248 47.8251908144818 59.931900714892 -18.166897433403 -179.917983776021 230.136922939092 -75.3845340438841 61.8670847707838 -99.946662474163 69.151436995745 -390.645638326101 256.088632030002 -204.52562272437 290.528340899442 -931.762230697071 48.9508130190627 1570.83372828315 -372.563283401004
2.37598969199381 2.814235852363 1.24115109210435 -28.6719171331811 35.2440488406866 15.0634362266502 39.9121399738009 -24.7502885437393 96.4637929342053 154.717258998848 13.5191205904812 130.434376300869 209.540609888742 -177.227569168064 118.256162562833 41.4355140801986 -35.6770627000778 -271.344358909341 -53.5532209752071 -74.0357530122839 749.83698488721 894.138404185383 573.536863335072 -611.007229619217 -979.312499296625 -192.421791387332 -1279.8533984803 -1226.8343136778 -270.629676726114 151.788430299228
3.13766260330242 -0.658933730840148 1.13646106067452 -22.0890014569015 -2.56894601156183 -19.2593001852374 -3.30004932151498 -43.4242343620934 -101.014775404679 45.4663504218378 50.2102760376736 -155.212809263803 -185.135799006573 189.517835371349 350.696446044569 -143.170132734612 204.510645879214 -246.420639717475 98.3758567521688 53.1026566883511 -414.115363063892 9.23703947241504 277.379633567211 211.562971589399 1182.75308554125 45.2752705282132 -703.825406812678 -4.58898953567777 -223.902520105899 -175.392797273235
0.801046303802366 2.38696080774601 -4.76284837544639 6.92273639427848 -31.2979997875779 82.3891289232216 -65.0311549470957 -93.5176746598379 103.765840194125 -3.90792104064001 68.8302416558549 7.15490262216339 -109.867046807281 464.85231355329 -31.0605719711063 223.379064814378 -238.493337218071 85.3004375498445 -195.662271596841 245.422228653745 -170.269132117951 -88.4117937016448 1070.88858002196 -663.148092933368 564.391164268627 49.9641670918506 1035.3982388642 -330.302599483768 297.209948292086 -865.599778042436
0.54908181708409 6.35656526869582 -1.1218829806752 18.3696300060977 36.5719161926147 42.9154868757957 63.7150067769477 19.1403814279036 -52.4017225019753 104.228643421237 19.219631301324 -85.800413414745 -111.707295827111 177.141903322909 162.223720533355 -62.1817851042238 9.58016557676152 -166.544199728391 19.1221961710627 -88.651788530012 320.69955383701 592.988079825907 148.346489206024 20.8654677565213 -110.756876332584 381.095725818555 -685.717808559128 334.411132017946 546.490585236984 -613.232189410093
1.18596795001766 -1.89151351950099 -6.94807708772063 -11.5424296151252 33.2036763332982 -42.110341795473 -13.8112447004208 82.8240097689278 -134.951269944647 -46.8996820646 147.692603987634 -301.688712725354 -139.109548811767 -78.3222105912597 198.531370470472 70.5794019806414 -188.475194335214 -87.2667814300626 177.085343775236 175.291729319965 -243.045975541937 -739.796582775347 253.227282288711 694.799058192377 -514.769922760172 -494.390576315203 -192.578848406917 678.155111247139 -691.810757120707 -1269.64991248397
2.71365654972566 2.04262461263071 9.98172019655215 -11.4069275601106 17.6968390981682 -15.7681024070374 79.4513140543603 -69.1462111438103 -46.335575769004 16.6857962241904 190.192193647675 -357.169805889875 -65.9246321934068 45.1343103441664 -188.129748755555 -227.051678999215 -131.141340825933 408.269177963712 196.680013494598 69.145001268739 253.445710133141 57.0728392329367 -156.795615459985 93.0328877242195 -587.997657956793 -587.685331809013 341.56590129646 861.116858090774 235.417558193185 997.813471665944
1.06616019599469 -1.52801277525717 -7.79012861344516 12.6942393731191 17.3058784905009 -48.5524072528606 54.9311409969802 -19.2211181610547 62.6886332622131 -72.1334514003489 -228.121638216663 353.619162591214 -162.469945340388 42.5214136712558 -5.90997066106057 -65.4504968926361 -70.7225370184413 -315.338450227712 371.012372821344 484.669777608437 -495.173052131985 885.77885018846 639.837597665587 25.0829286933752 -415.874853173235 192.967254210641 -531.958679297671 -460.961093183427 327.762958446292 802.34881768309
0.47775206254103 -4.2550406548148 10.271284057812 25.4097344744616 -15.7709234080706 37.1540565338305 -55.5772417349278 41.6555942978428 43.7192276340252 -7.15289754982217 14.3238384054212 -286.087937367049 -154.077670451816 -340.179866682741 -13.7634122004109 165.602291185067 -175.695124473372 -177.714309812862 263.765853330451 94.8419447644519 -211.322642942938 -392.428281907419 619.541787447132 20.3196253167687 813.560584879392 536.032062154894 198.455835222934 -2222.54366580403 -703.524206270317 225.850787592142
1.10079997962116 7.86884049000626 -4.87180380935487 4.83580069803578 -0.0320362417256654 -28.962199096486 -0.702578290908739 16.980594178692 39.7891543848684 -39.9943870199251 -3.49906312174378 -231.177295844602 -153.400476599397 79.300278669489 -62.8108534063276 438.362268999739 -416.563348605249 -332.575904202967 -448.317969363882 136.477212184333 -128.095047956158 -771.580023750925 -485.300623246256 -303.304778340622 -185.405054814356 625.003917826801 -732.251507916481 29.6977328880256 704.199894383016 -373.651574822259
0.99445524324489 0.804211224414142 -3.07884159539959 -6.20919596652317 -22.296286391245 103.716686650638 28.1291994623064 -51.1560546942076 -45.0941140273503 -108.396851265204 115.522988508803 -126.073990538155 167.131756026699 -311.551951099226 40.3445236232083 67.701709302486 -464.272901997932 171.662730379146 452.641773082927 -423.862846027702 -499.091672324115 616.223043201043 687.172121887656 -534.086410521373 -526.488708038141 -1007.9905646223 884.784682586526 333.381990168201 418.182155764474 1204.76493903989
1.83139390979099 1.51196940941501 6.11550050053464 18.6089109004129 3.45043102327486 -37.8281729826913 -44.9832845517027 68.7002243892564 -109.635151784876 20.2819488745031 205.522917554748 192.14253379131 160.236265485629 -117.538365819473 62.666615747935 -45.2109086038971 -194.914937153026 -163.973487156058 289.297724098412 294.951127703283 185.428111608181 8.25537651857941 190.898037375291 72.8459300545373 241.049470026865 -24.014723449654 22.887314102008 71.7398939944983 929.318508949692 241.861367127332
2.29716838213669 -0.133141839165823 -4.73239830463979 36.9581166163126 -17.8121543772225 -64.6816665973974 9.36534394913869 64.5021627970266 12.2186865951918 34.6650869612432 38.8445174737529 187.570021210898 199.97034867353 -114.399551587991 21.3863000193078 323.856444754491 -94.3792008610825 403.293032810641 -585.904121146547 539.446156798302 -709.448779846202 35.0777342152988 569.387454634872 516.104885208814 -957.193677572409 -1151.24228854513 -757.557186869717 -714.333035733104 276.013157327925 -594.40996580457
2.85858075070641 0.730072458561453 8.9842731477292 -42.076281718082 0.370192938069056 95.5812658756316 -63.51334289404 -15.4196986826425 67.8343458222762 -153.001765574452 -106.612140073107 103.030514080256 55.928739116122 -471.234258557073 -601.591186264323 292.44154675611 72.9302924999747 94.4349956678713 746.178246538718 69.6947394537834 -768.989635543222 -600.897968714989 39.740526465002 -1156.02281697787 -287.853129228168 46.3462700127711 883.74242610513 -630.102069265859 1291.86337169952 -377.319281461064
0.239118025875581 3.87992367500432 -4.41607532129496 6.03542899401935 10.6997772283402 41.95218755392 -6.32894324730867 16.8960109950308 -42.0175813107202 72.7707186280472 40.6132037985916 91.6083168928579 45.5282163530618 -144.910475477582 -119.682535901397 -99.8055065919936 231.25050131856 103.681723041988 -160.151518915254 -50.1236310575464 -277.987006573692 -58.094414850303 -719.589406197174 -642.02411564751 -1043.32591138903 668.745088580644 255.092950138328 7.98527064412357 711.685613521262 1061.81313551814
0.362396555306736 4.63669316932635 17.4770835024665 1.16043729761215 27.3826301601571 6.7090160995811 42.0996122254831 46.2153973555442 -45.0307962125103 71.2604364613894 -168.357754116515 -216.708397846313 73.4513377259633 96.2209469689162 -263.086793034772 27.3534823031226 501.258802681135 190.466228890019 -398.591757832204 129.504492444526 513.198702758453 -734.03455972756 470.310513039699 52.0104476326822 -806.740172012457 -451.757110160775 85.3355078812551 1007.89884626988 -170.859129863405 1378.28954036813
1.35554923791753 -2.68048972964932 -20.5074891049718 35.8476975625571 -15.4390418246205 26.8973473766311 28.1806250717283 -7.26001251092076 128.799152896118 -40.1622122696537 350.464850523621 117.607119147935 5.31066706829042 -403.500565217203 283.751930842426 -597.921062299977 273.912216010745 196.206834666651 -244.140523544485 802.203416188317 411.82503308778 667.306706244237 -100.202099287159 214.235529820577 -813.032817881451 800.58484968716 -1639.14053391887 -641.311766043585 -849.138680914284 -893.781806975283
1.29788310148421 1.61916374149246 -7.09350856815022 23.566832531825 24.7764373934802 23.3843645277409 22.099800334051 -40.8202056584421 19.8036479592179 71.6687708023131 -0.714652659326818 97.0379580008808 22.896075351967 21.6476418152182 200.753956179454 -428.444353171368 -55.7777029707154 -171.891359635811 -319.118443552309 895.033761771274 -98.2690317831138 199.181192736229 979.578761186355 -521.37253759865 -13.29818355682 -291.09962399626 -133.855398926769 621.663998591799 -883.823620584289 405.516105500249
0.334962944458537 -0.777031013336663 6.75699623137626 -6.79118224922382 -41.6214927082398 -20.2106289608745 9.87113892211453 99.004581368773 15.2942989682248 59.3555770870282 -180.766525392943 35.7604728037787 80.4454093923805 243.266890064703 195.013931263515 665.594799798578 375.112993200376 -459.889874683018 -364.684591554781 -204.75546694484 13.7098652100563 -457.899553596252 -320.456627014436 159.403023500814 663.710840420822 395.254526129114 -126.763178558891 985.187996322437 699.697307945847 1756.75841862588
0.295009467976292 2.53487512300916 3.3673696140871 20.0157841236041 -16.1708329003026 2.42952457578605 35.2940168703252 7.04018980070409 -74.1710486016606 -72.5643224770199 144.007900545268 -216.800993742307 -52.4096994244091 68.2317667341788 47.6868303802956 -296.146318555362 -232.401766362907 -209.385162800797 -117.752989903335 -214.565992076446 -708.176404723706 -99.3113724419487 -60.2530629248402 936.883692802583 -1015.21795871972 -803.874126302203 -825.414444795067 -1030.01507406491 659.798826945095 -1094.67834072094
-0.411660606204683 2.64679404820207 9.27467412007508 8.91014514619093 0.17250000459862 1.39582653358222 -65.752239535858 1.99348713500538 -196.531753535944 -178.250220971538 -64.8213212355432 -155.305224219801 -294.760617643917 -40.7972569420611 -46.1245092128394 -19.9373828543194 -162.946620614114 -143.867543374963 200.465225108338 506.860019039854 -670.98475705092 -474.67293930548 -129.426911883529 -470.693128465837 -409.928938422423 -684.784398125521 171.131278516347 681.374891258673 1.34261747763197 -1499.66369672373
1.70943608284468 1.35819535266958 -0.949088362281717 27.330288133484 -44.9678015107334 1.04772916077437 39.1084197303734 -19.6896848095627 0.806775671348086 31.0260301098102 -88.9848770391647 91.8197899564298 172.275381841596 114.134579749177 172.930957850753 184.861220523634 -764.348855744516 -124.670921031192 357.283933916908 -504.442720366833 -452.083241379802 194.061939525456 -602.365176018773 -165.599899476293 345.706375437955 1161.6603612195 -975.480509104592 775.444665052795 1193.32936434422 236.061950473067
-0.396217057185097 -6.95117756643384 7.527624350533 -17.7687340983611 8.33748040852063 15.4978676156522 -0.0721840003804153 33.6059734476732 -109.209140768364 25.5256079860359 97.6707436993876 -58.6984948805204 -137.714330610485 118.945080699189 200.860238635404 419.746887850991 -92.8297037523086 -522.3940868186 -196.137897930316 334.814434846105 734.72872522963 -341.582003260775 128.452272158547 -107.62525541053 -85.9707718955781 654.755810628429 1086.96148394455 -73.4865450922185 -1115.39595718843 457.110235003063
0.909381289642259 -0.689393333339015 5.66708211461082 -2.34027637070415 19.3506334273437 -40.691484746132 -18.0102062442548 -28.4886089017311 3.19200149140956 15.3630372296324 -9.37279382118615 -9.68701102677343 46.7510146589442 -7.63498298102435 -144.914601680307 92.1204487633599 -510.612713996663 273.651433295561 20.5392331434869 475.515166929089 -539.681931969071 -257.009515443132 424.074315209619 498.804794920155 -1425.54367736412 -230.277260692435 301.237713775011 1964.55121173689 1385.29758700266 -708.623119577485
1.69464179110891 -2.07071077273076 -3.43877030863664 -1.30051425010032 -7.180117527098 46.3961882761086 36.6905138537879 3.14397353068359 -30.8345090388478 39.2223641069873 15.7119951955419 -48.1873995524527 15.9904798284345 -191.904883309227 109.216181683666 -38.561338545469 8.4126249183174 761.725952152801 -21.5792840811001 246.688763772198 -224.887764651041 254.437645955797 775.601527819097 135.689677370037 1242.02012968884 643.419755403729 -713.334682647248 -504.526606620411 -484.667558017986 -637.597387964283
1.45684100375171 2.71950099353231 7.19365223410538 5.37350688582796 -4.19876039102269 17.7062198142886 20.4994351801586 -129.73710693142 -66.9376807175462 0.0464959654282473 5.03949847547197 93.9085671989073 274.637870513725 -219.767696500285 142.572630474378 379.838257897746 -155.257896132012 274.549575692014 -636.27403258227 423.966644899816 -578.497574435721 301.973615319466 -1092.43354788713 73.5331764897692 491.50136197035 619.098198854899 -270.25130091207 -429.802577354447 -1287.08858864423 247.74935147511
0.000377852264966339 3.94463208296414 20.6039729008142 15.7244612022167 26.642114475769 22.2856647172618 -2.65341064065062 0.45870211781135 41.7830919504973 -80.1083415205367 127.374067984739 -156.25342038089 56.3741221888368 302.588782757789 -227.506722977584 154.65709262155 -319.659256928816 -339.55999048261 91.5471478776932 987.93092251454 -34.6242341855322 836.846763267261 154.687326300148 -51.7049859743003 -897.585397081108 -243.014628691038 -238.103344046342 -9.86202016230599 830.335505829107 1512.10118726129
-0.15246821732067 1.84315284838274 4.04219596285921 14.8259478858094 18.9693088230633 34.788464079788 8.79879557460609 -109.10287968929 -10.031568274705 83.3045584117606 -126.602359931684 135.764261066301 -59.0857400391627 218.183288889339 -45.1837207535392 122.003608395709 -371.402858989647 -152.306643411746 415.314559858926 -247.271725314799 146.825317153918 -123.138291629231 360.380822545137 435.104147517084 351.184337326465 -289.178461139133 576.285747140941 -7.09971127616469 -1689.62583407017 84.8658850332068
-0.246291461412063 -3.06180281233443 -3.16878158304612 -10.6269510077631 -23.8682015756124 -41.3209235505884 -11.3727579589782 14.2636052944749 -51.5265301136198 31.690402469626 28.6460613190796 40.3774269610148 -63.3135186934734 -14.6578296862833 -69.4634639999086 69.2872821191962 -398.352034791399 434.425377661597 -509.439794145402 -12.3089175892713 427.186702683203 371.911178236217 419.319244221473 11.7708546247468 383.802102674126 522.351181852335 250.261300991874 -413.951933949413 549.837779527626 -1801.79552856271
2.08163782495885 -2.0429314498823 -18.884153382764 -4.14380858115152 -24.5339934488381 53.4201619482075 94.3828506259782 1.59338257276875 -126.400708124359 -65.5227268240526 88.4206635110326 -74.8552879891602 1.06268479461535 16.0364908186511 -49.2290456272882 -484.71104351796 -215.569322051954 -654.305182633666 -154.69708845683 471.376919281917 -124.508687013997 266.332014246852 144.96987501046 -1164.3450189802 620.813962429482 -617.927517961258 108.615857438832 -822.829046076441 -1157.62272665221 172.0259773968
-0.0670854429741239 4.28047873104555 3.70113734817042 1.79594915305188 -13.9974963113796 7.99693566431687 -3.11716287553394 -2.74499090381085 -58.1097163489575 -51.867952363718 -141.373630504835 -24.4785642788092 -46.5760072740644 221.060180570918 100.143143523845 -98.8781312132061 -487.065717383361 81.8056288170969 -634.534207731368 96.7329229069782 -99.67489444245 -451.699245488706 615.985697437473 463.662978652532 855.587341110307 112.281237093687 553.074457594002 -600.830934819316 -938.888819377342 1138.0711990845
0.51920527142639 -3.42933799856935 -12.5977592103442 9.51286452292284 -1.60306143917516 -33.0367529453337 -42.1623271917003 -32.4171139192917 -63.8178702079404 -73.1662875465802 -112.785653355461 255.990074749266 -296.925287041392 46.1745093296852 -173.530167573887 221.61809586209 268.27233159564 -245.230705125097 -247.284666403155 524.246161945507 -175.223293085176 -125.253176922825 -1554.69384115567 314.965494332898 -539.366554373034 -4.48948285553129 -490.06017490393 -615.374762303812 -95.3603542700133 -1221.59370336783
-0.150790772876273 -0.0599249353022882 0.569206617727893 33.868585545747 -37.9130553738697 -16.2353816436427 -64.9006331076656 -109.506171817115 -83.6297100958585 -32.1338898449483 -69.4876444626706 -66.4586204700622 -23.2334369706247 -11.7218483112482 -284.404816114595 -285.724346275637 -121.164297112135 503.65498333278 94.5519309925401 549.817474785774 -527.494077741234 -241.913993094946 141.815750227217 267.806469596201 238.990830722524 1836.35094160652 -543.639777611982 -390.573881780289 -768.110030649568 608.339972311814
0.705230658063519 -6.28031216170295 0.392261539104175 -21.330139319628 -8.6635375741163 1.71856069474855 46.5609977705041 -27.5047198850106 -2.60249564387288 -100.909802157261 62.6112958926236 158.26005320391 -60.5801449895778 -21.4199109721433 -156.692502157311 -317.60027804924 217.193734891401 -183.99457308051 -432.345492508277 155.153582253228 346.126622457891 172.015673247742 170.64832856791 527.569886410493 263.893414146409 74.0317962177417 605.877973545028 557.632810113524 842.898469075414 1826.06639550581
0.417650306640464 4.20323115539022 17.1144456336629 14.6202847632781 1.0962697731861 -17.5200412718179 -38.4885433418956 -89.1533770090128 49.597141669811 -42.9210760180872 170.212306530153 185.615601815808 37.0750705233402 148.270140678397 -476.729411810003 61.1459492799276 -540.065428125061 63.5409375911595 248.777190092336 72.990169354333 91.7388950234936 1149.86496674129 -121.43578789692 -1465.39716821385 -30.594160606818 -236.398613636091 -945.636681816789 609.734467018692 136.40121373449 2038.20699078626
0.368545278902828 3.00072988415848 -5.20167550220009 18.6031645516807 12.2059805696261 -28.1620929178786 77.465449410045 35.2344581369868 24.8446235690664 122.205144408244 -116.882012782277 -7.05261439877155 128.620373961167 213.56833690485 -134.77019685529 -517.180334076819 -14.8333082429487 -114.636415407547 208.927010627498 -20.7620050111775 526.273568908316 -566.727265185967 1326.31756733426 -582.572892127414 10.2054005019566 640.02272088841 -311.595950581232 -790.258425895661 726.547306672774 -185.135983121427
1.87752955318274 -1.09950560326602 7.70084831107792 12.696776683165 -33.699440301936 44.7629710262127 9.90223918591124 11.3282816798951 12.2839357326108 -15.6073192705221 220.766698724618 162.795530684164 -46.445024185701 372.031345011855 5.21464936007378 138.782846121936 348.887569013076 37.8193329494232 -19.3273951078051 43.4543217625023 -927.314440766192 -232.268371544972 99.6818959269663 841.438995284131 230.717992554335 -378.767934076874 -723.077416863868 1105.58721803516 -917.164861493188 -656.843236382527
0.593893317382347 6.72938850442516 -4.05062364068044 10.8946598396071 -10.1530124179441 33.7994267077027 -60.8705677956911 29.2801829869921 98.3603200601753 98.9229017620186 -291.530054534036 112.899542537032 -36.843603411214 55.1916928632769 -66.7360288772624 -177.636211560184 48.531652256848 214.869515184392 150.405432307103 -703.842059843599 -346.748998885299 357.672939673597 -530.226375836134 596.169316506575 -670.889331222413 -124.404382946105 -558.314868859866 -1369.35333242977 -136.037084618073 -263.475931777519
0.185782628467792 -1.32804910060067 9.61328384630564 -23.6727333852052 35.1279447444462 -2.03842784512946 16.7106040652954 56.7809338332587 183.415394829687 18.1464681506391 -54.6471765099149 1.45695647549574 1.5094978631406 -239.045550718131 101.814019208341 -330.291513272198 -111.263657064209 -576.467862831957 482.730337565324 -47.5527279721746 238.724220127685 -474.481192327806 -158.466775651762 897.648854269856 96.2430215794796 25.5223634556512 -444.944895208297 -837.058774376827 509.800153289957 883.288204633489
-1.05238754601688 2.49731151577846 -7.68270180737244 -28.5619759765034 49.0931006429254 67.7660128077742 73.7620346459282 64.469935911714 -184.171993144709 -171.949530639451 149.540704964604 83.3164528894792 -54.396313993926 52.7226382093755 279.114891498951 -153.332821267977 -89.8379639896763 331.860644120542 124.652782254596 -67.6678089882707 712.696982019269 137.613305103646 765.539003325063 949.596419414936 -252.161993637672 470.030530479039 -500.337565541062 995.515115893416 -242.64753298349 437.514147808972
-0.595438532442374 3.91947474889241 1.4034525460058 27.5468362356125 3.28206427767418 52.2912488435916 -47.9685001719833 -34.2017415838656 -43.7340127098614 12.8494842500395 -77.7558353005993 -126.143539844493 323.902945314967 -74.4204153729742 145.074554375192 96.0843032593729 -311.129679065344 41.2933926824515 -175.63099983824 -322.809925162373 -298.84802388389 -680.247722962755 -300.995106558289 -229.085527642332 804.055143896576 417.030224351546 -431.412403124684 -933.022978179687 -685.050259717666 -287.118698552056
0.244740102196747 6.6010989461764 -1.20576564681567 -15.338598898316 -27.4041174976862 -22.9729210123072 11.350289853634 45.7685020463364 42.3503025481716 152.195120055237 67.1068964140873 98.4605588034283 26.7790247237592 -49.2657732736405 109.454784334467 -79.0604035392787 -269.108376556378 155.246892703357 191.636578017109 -352.535819926901 -844.554273571811 -51.0239719107166 -404.021204486528 -214.046478879588 -410.506545806775 -354.394257991854 67.7254860532943 37.0366669571577 -623.804490563662 -614.916466122787
3.04712957287211 -4.47512863232748 0.435849182949051 -1.82297969825229 33.3280231330384 -20.4146880939297 14.9894405467932 -115.860280586903 81.3647055583035 -146.34585274044 24.4244931906043 -232.070749041765 -264.762144041088 -365.3059065156 -133.850619735632 -59.6688105259348 55.0757985805578 246.669310704848 134.634637115728 368.870605305246 901.972866099925 49.9706190205666 -136.856119698837 -97.7782260309132 184.487276844873 1129.22161891289 172.660384115504 349.849455536094 399.495263682869 -1273.78441877254
0.286047605585948 3.92988164740559 -4.15463399638023 -23.6262983783244 -56.7546645588054 66.4077288128027 13.4592560591707 18.8103975207353 -67.6775015417904 -202.672353977863 69.4756089383697 -67.7392297851765 161.697654226425 177.929669526282 -71.7324079190771 -340.433735886903 -95.5033707581252 173.735367084159 47.3158685165543 202.337607899596 535.968445176906 -627.20538994881 397.194212808664 339.014298079969 -807.928156562164 -353.656286418217 -1238.52941460683 -350.69300605334 975.688044504762 1820.11840055876
1.57220933714722 5.73344799701998 -1.04500682341602 -5.82336735973217 38.5544982790021 1.8226642910133 5.45008951076002 -50.1393733333975 60.6051186717247 -66.9855480121336 124.168372339052 14.8742308827384 -133.820280529181 144.930474656869 308.852759123113 472.283166310795 -266.279071508316 19.0476531996083 -303.981009920215 -190.564526741216 -721.431150916029 -1157.54675345237 -390.05707153421 157.154377344759 -555.370712142568 315.956611452938 543.94847769704 138.158101929798 -1392.48475629726 44.9105472132662
-1.6860162165398 0.999187661168835 16.4090890738223 -14.1405369290435 19.7844653166994 55.2220229216834 8.60309802041761 14.311668835674 -61.5870338450086 -80.5039273248369 -90.307819346672 -67.9050161555059 84.214369178513 104.165602492485 331.561695938081 -162.209677471059 78.1166013421733 -70.4546395011736 49.9469331589346 -237.492605514393 -282.103667639749 374.117058363301 536.539832826368 -423.046262826303 -501.42678991767 34.9780584330074 -518.889749319725 1396.52660953437 -1295.33379481821 539.404537932159
0.666967428286575 0.139115968676923 12.761208899388 -6.14500165220536 -8.66106450108296 14.6507129617506 67.9858119271383 -51.2823907166898 -63.8680205211662 -75.4736543152894 -74.7599149203309 -47.8456989393408 -164.831063237377 -412.573354727007 299.582350613784 151.307825459388 80.0590231427905 283.701130375427 380.931977031562 14.9980320999304 132.018344542084 -1267.60301589478 698.966963160523 -242.611013729941 359.648322358868 539.853547366801 -448.359604334795 -428.915117194858 -611.812937075977 557.968277001364
-0.683409557984007 7.26772478090645 23.7127612882178 -5.12340512442069 -10.0119591597706 55.5323734657171 9.51826309139492 -7.66956813104438 60.4679242518815 34.8598867235608 -57.414136568715 4.23923130387145 -357.182090723171 69.7124437831222 -35.3500887164287 96.7793301609644 56.9392048285812 -256.674168192631 205.86283376758 165.21702988589 1158.75752665503 -468.068211779805 -315.692646077715 -68.2420433375586 -218.622676774618 -588.060503067162 604.772370501036 2028.09263411057 223.017951635227 231.568756623482
1.10050083887781 2.70432786206577 -20.4625646577119 -3.5578718858373 31.8516101507658 17.9412513650026 -6.81022206124568 74.3427270766879 14.254783922386 228.605334627329 185.749312030578 49.0357418480807 133.524628653511 28.6753653373912 108.109298522724 37.8664139650054 130.096725635508 -316.756021919051 823.018953732471 719.271323614529 209.806105979327 258.285117187976 -8.7336787605357 37.8551915680509 -208.830060496217 459.092254606596 1529.45752442652 899.680610298694 -548.29672584175 115.511310892892
1.92520872348226 5.46050084195714 -3.28310589563244 6.96689283170895 -22.5383224961971 -37.724487882187 -39.7330679025293 -46.4601385288538 -125.604491053354 91.9742933452431 53.6157414395934 83.0618407404265 232.908221786638 72.3102201342491 -137.524240067609 -81.8380251710975 52.4780922955973 -158.423963059989 -77.7091481629985 501.386803332777 -1026.29731451619 60.3682665231703 269.394234062009 709.858871440483 274.631104938592 268.479495728743 -259.867137127769 -402.531129289292 -543.340246145465 -2179.1134882198
-1.16644387313529 1.19389611703078 -9.78685740879091 -21.8230734775203 15.3921718320211 6.65048052276331 -8.66366446094183 -37.3744735596749 69.2145316660241 -112.401603006775 45.4935058343943 -125.844694019247 46.000312690626 96.8091174439453 49.9490939657077 351.898918237331 -69.1445488793427 -51.5306987186856 430.120312300934 -170.680608447087 -20.8243002496768 -791.954500663711 22.660385380374 870.182181285828 -90.0220949687113 -30.4001457797999 -967.459965499281 -155.264679995873 -431.285898981403 16.0773212809933
1.93259101846368 1.69903537416282 8.11191418644266 -6.06932895287159 5.84375517732486 0.298918859258306 81.0347265282804 1.26518243714344 -34.2253173130363 133.385880236901 226.824238231538 1.98924960534274 72.3635147672502 -66.2771123160462 -179.947156773608 -390.226726238451 -19.3789255311786 -164.084635230816 179.267473250444 424.164734130357 -685.824960212168 -723.231354235828 -189.522292402336 551.746664098777 -516.456520856643 -688.763396768149 306.203012719439 -1218.77055352387 -823.211050168318 -440.10831254645
1.16661744677661 7.32153164923531 -1.0249770195196 21.5514804877854 33.4871591115075 7.04350238925435 -12.3952775207113 -61.0532709338472 -55.327242658533 88.2843858887758 92.0686509055486 36.9963184718697 38.4445421822729 -176.734070468905 -261.960534120094 160.196502713708 -67.0108874400686 -143.910293645971 233.422989172982 -902.123080959334 -268.555083212187 -268.136579680331 -398.378365606588 -533.886750217495 -275.868704310889 341.194913864284 -773.211274214358 -1457.87649317126 -691.966347388637 788.910494812556
-0.360526979430713 -0.700740571309508 16.0922746959502 -5.87897771552834 6.03122389981212 -45.8058753987174 62.3516200845171 84.5268632697715 9.35323255366599 -6.21444477057977 -0.415395155133847 -142.038483762182 -207.512720909605 -61.6208547102107 272.602841366637 243.103317582294 -500.311611802411 248.408475814999 -728.043934847859 149.469080607224 -756.231124643149 -147.492965325708 -406.433728923493 456.625471320419 -41.6562417266547 -1480.54165733764 -1499.86646185405 -125.664603073969 60.1893333917241 1486.08486187024
