0.489967041378979 -3.54941008681079 -0.300060339038738 15.6552565249266 36.7207122867213 -10.8213174729654 27.2146989712956 70.634277564338 41.9592808307352 90.1530239481248 -43.200308741398 -198.427782429138 -215.099662243273 -259.059717550949 383.723674267545 -206.255300132304 -35.6476595118619 -137.597685545473 84.3343870651156 -477.450549512765 117.870535881459 194.540272866618 -473.270468964994 512.664189439602 -1424.82475908278 781.353448760389 -607.463248498443 994.88432041287 -447.422831759311 -2128.29972916564
0.34900342265223 -2.91047213285036 -14.7359513172298 -6.14119968245762 -10.0113728552952 28.8101454452239 59.7767118215465 117.273017930021 30.3225372060332 73.1649272145744 104.751065567986 197.217378837014 79.1550960156437 33.0058566083849 40.7874626415951 65.0133184416387 205.379263707895 455.468216243495 679.837506328756 4.50761407075102 -336.855589309554 668.838240649851 -354.342516126172 1087.08613209394 -318.264485118256 1136.84262115214 -317.844636539312 53.8946566966797 536.322209426962 729.730058456368
1.26781227980088 -1.73582449775081 -4.48317058933996 11.2800158878087 -6.92187884328729 -16.5230395934781 35.8563840052889 -69.5297159358148 131.404819153216 -122.472567847127 -24.3615457139556 -87.3662575042731 -84.635817814176 -139.923760860661 132.382368268586 89.9123645461599 210.622065464518 -7.93962669059317 12.4412039800326 -337.925554975796 559.941475820137 160.078992258684 -660.075137664126 21.1466736046191 -559.321142276014 -713.411657669677 -664.805216008973 -198.804050282702 -1225.45425796063 -137.832041654192
0.137835113126701 -6.01867677366634 -7.99299857160899 -11.5766469120828 33.2283397825769 -17.5465146882895 54.1259243410666 -109.266047903382 6.21951395299909 -3.21824372591604 201.274905508833 -55.7878402956863 203.028349626518 -387.249160162666 45.4651894568499 218.321730117442 -14.002977631178 -794.702618010318 -501.909251801876 503.025787009449 172.740071270105 806.62820885775 -402.776124775902 760.176823171049 445.540244394491 -63.738567511222 -515.895373040529 -136.259622364765 1046.34580508679 -655.358083806179
2.88238115748237 -3.78108863210914 -5.57737538043806 -7.26387992010517 -7.11770015559007 -49.3206690430437 13.4084522415502 -10.6223586424641 -28.7478493501975 77.2405188713746 85.756886635565 42.5616239788623 32.9292195797227 -150.406419286582 -24.3933470953726 27.1095392359889 51.0282350624013 279.250797114836 -523.549592878967 199.507351932313 936.784999085698 -74.9254270663788 691.83190787606 -760.424842446723 1102.58029506429 416.109172240665 -873.332822000905 1468.56319463255 308.742321578652 -1266.31005728446
-0.145183388710015 -3.42786804130481 -9.87730590721592 -12.326277998878 32.5277202832462 44.2861239560853 61.625962500814 -28.8490136689098 -81.5605386914107 -65.234734003622 -13.6860154403544 -40.2490170519674 155.116529780591 -81.073178846273 155.73740174952 398.906229267912 267.829233951359 479.444278115311 -7.73619174375957 -1055.18319341183 -421.075450988788 -422.848189349868 468.018030807322 507.079584058205 -482.64590164821 129.715512721465 -32.7713225237532 -1729.06321882247 -89.3001436033477 374.221907203813
0.801644399597876 9.04867777903008 3.54601451149261 0.631144363383092 12.1577060870172 45.4419106587815 64.3337417745508 -53.9607037736483 57.9831981833262 -125.51660672682 -8.3141185501097 50.7108604353286 -241.024600716912 199.086743420266 -15.9813482281904 61.0516310082183 -555.536373003586 -112.469049188542 98.8715951391271 287.426863192263 -169.708272219138 374.124129211553 -616.621548346782 218.757135687956 -74.2712105864561 1018.86402429224 -311.721157512217 1033.10441799141 831.781664584346 -197.314960042173
2.25493875568077 -0.575058353815675 2.99050333717535 -16.353162840291 19.2736290266008 20.1872938206765 -17.2547609941127 -42.0633255344977 31.0899262317754 35.8961058999613 125.335039928365 91.4499361757102 217.280564187604 74.4177703026541 452.129055891893 -207.529535500732 100.025928087768 -245.857101198457 67.9089380612859 267.952404084427 -212.443947461973 -462.691071350804 778.005979341445 -1904.39871691595 116.836205554729 -213.677269703385 -77.380159594733 649.050618705729 -1011.96614534435 784.887460352223
1.16121315559347 2.7226997885846 3.93941103363029 12.2085766699983 -11.1711875305232 35.0998105625071 -52.5634230908775 82.5249697829003 -26.4681990444074 -56.372022124179 124.319533275247 136.181964272904 -180.884096674232 -63.231350282154 -66.1320789639527 -54.2819385485819 -16.2876538086499 -387.09822870169 516.002962636274 144.604000329297 -752.569647195569 836.974176034856 860.688530241341 -1059.7680822409 -455.256253734814 -369.661816927598 -15.496036926671 -1105.01586560487 -468.191788994206 -366.88814952974
1.52782503883368 -6.5379019863999 20.9362232082788 -2.55446439766516 15.3081425638859 28.8797495371573 17.995977774345 -48.8379085044279 -66.1399113399839 -27.5652259379318 -180.550494360836 167.617589319169 177.398411527612 -64.5147978623086 6.64574872526108 434.112644775593 283.560619453086 80.9188041830425 216.74409354789 -9.6902693581778 -447.704100702444 309.97629603384 -265.694242676121 372.615012084707 764.567172514164 -44.8848134317478 869.360736703661 1182.2835855091 539.530115405226 -502.978363380403
0.379209781963274 9.33324164123765 0.166829238020092 -5.81330495759565 5.17566648250802 14.143084784092 -50.3663718711909 16.8078551976773 84.8068804259073 -27.8180207707894 65.099473532226 -124.31061410079 -209.599964738147 -221.894582473144 554.468311570217 -45.1125881126425 162.562254435645 -1.94806368123555 -304.36155849141 -189.288839247601 98.0660622337326 -466.827220687765 183.983305892569 -1087.06774095234 -205.74876335226 -99.3268733369915 -872.533732465114 129.562228563257 -1265.50222664657 271.413336868076
0.345313985326088 -3.03371522591573 -3.25162970845299 -6.53556906140735 -32.8918582689416 6.15485401549626 -35.2870151171471 -107.728122107987 -51.0117075436085 -94.9444992152482 106.564166495943 -142.260390300048 -137.902723183595 -77.5546745916223 13.9492405975564 191.958445155808 883.129451646847 -167.225412197477 -194.230348767647 188.124217720971 0.54142715166553 8.96225907994444 600.383775071035 -781.927215028231 -2007.43506600273 576.823413770977 -1565.3022316987 56.5553616842336 -666.772933335446 -1368.29072958013
1.45385905683827 -6.56273256783452 18.9937420981895 -12.3536415901037 10.1851833157296 22.5567218783181 -1.43031556261755 126.42055040469 -91.724620065974 89.3995212214984 -134.945368901774 75.1465146671846 295.503658583894 229.148548077645 -281.032983594185 -257.855785298263 -218.628544788943 464.122095097292 95.5115164006875 235.023050691112 133.240357638616 722.200786502222 410.832571508553 359.670530608922 353.433582055892 -590.512249830715 182.902402306003 783.900872669839 540.723808775369 -266.26682421417
2.92696952349154 -3.61624286144937 -3.82777198207227 -16.6321499104514 17.1514571664923 7.94739187128048 -41.9275000559717 -91.9268058964844 -156.710037769146 -13.1097794984035 75.0597570978778 0.305789075760658 57.8102248092776 290.559316522404 -395.204410243561 132.519548610776 -229.61019769845 139.081787228246 -16.9786926964307 -51.005286180435 -303.996028002795 -201.638109782919 867.012433517794 636.487499967774 737.581265143998 535.246453571343 50.530217900295 -718.257594956288 901.405391694318 2302.10056646026
1.53002510576205 -5.54303224990745 17.6857564422749 -15.7279384579997 20.8986636137341 -42.362527934124 61.8629374027074 -153.212307161839 -50.4038648279727 -51.6640736525023 58.9232664481811 139.503055409925 -69.5276639219097 115.749492052255 3.05794115310803 -157.746088133884 -596.543787589323 320.057153643892 -686.352022802058 150.838487343764 13.6194966604389 199.28604633435 297.116127416928 -8.72473601531182 39.2193678618049 -1387.67216038234 589.342787519 -735.172483847052 -46.2458831482416 482.307605211116
1.16411678127855 -0.163273569176636 11.3394023872888 7.80208775871384 1.07047446947534 -19.7811571047216 24.4629236951311 22.2178522021155 64.5712394476072 -12.1104727357422 -214.16933697297 20.2974101721933 -140.166155582757 -98.1077623590393 330.05705782622 -432.762182018707 307.351558661326 210.223396362585 -230.256085071873 -455.780629062583 228.551915037363 -399.031554640194 -148.54159423885 -286.567613601641 683.67123247103 -833.204934630392 -113.027791547036 -1524.28755925291 -747.870551602969 -775.639708170113
2.24175758742383 4.57722029166922 12.1320603265657 -31.1613200705768 -13.9902869929185 5.44432308223115 25.8518089885849 -33.2675445593293 30.8842929550325 -157.81540450729 -170.504673901819 -284.208693997669 302.443943434433 -169.719010153326 -145.539852614679 -499.923899125123 190.365231643376 -331.946477428362 -121.223616734732 -124.165371767036 -531.607513093715 -42.0302835314297 443.896098292059 -543.867743348553 -440.02783241339 786.331130224451 532.084105183021 586.518095807605 -206.260060886648 -1093.30342338327
-0.870607347070334 -4.52123568470804 4.72152287336792 -27.4025207612074 -7.41634839144172 -33.0448811784355 33.3477475433526 16.4999147283352 -83.7417196525628 90.630612034883 -13.0235304221809 230.754079865792 -75.498123312443 -370.824582491452 -47.7426331164984 297.688947189218 -666.128118926953 -426.792631658807 -271.296817584493 -594.791867514433 359.734922530167 -90.6995482424905 -137.724634894754 -208.017283344054 -169.326917424102 -783.352630479098 -752.053327890557 704.840467761265 1027.17832367363 -269.382916857747
0.18315916954199 -6.65125876590926 11.2744965507861 33.7835975094763 -64.2749287265789 -57.4971213003631 17.604568310706 -228.678507283693 74.8329790564392 -220.506036011047 98.3305272612117 -4.23669415534938 -34.5979120415052 -119.936453943759 41.4751332945913 -41.6997202229062 60.2164698680272 446.271961395869 268.279638052463 6.33994848194113 21.1098933429376 -521.89833447785 -145.176402257038 -401.952571802996 134.148728040242 -740.135045019119 710.453429427056 -981.255367499059 221.294051237921 548.961919309304
1.72554881311078 0.351428088856474 7.29206643611088 7.25730946669014 -18.4859559102633 -65.3627129807079 -134.267490806672 141.065120622607 -36.1487832920487 -234.411595112343 -186.630603994735 258.211659359131 -169.919285101327 327.972756474187 -147.829200630016 216.408887213872 446.412555866276 377.103909763504 240.750596091934 -67.9468515553882 -312.760328550089 47.9972426674321 169.872219148569 -349.384453284567 83.9708051015746 754.613054964266 -1290.49105422181 760.806426233921 282.509573460522 138.251035810622
0.481366882489707 9.38502167371692 -5.03622750370913 6.95645115737513 -6.61683254950385 10.7006677100221 44.7530746151036 -43.7239374613453 60.425261854499 -175.788421100912 39.1105383631526 -58.1803907417858 42.4600146785183 -46.1991372546098 -194.443634301797 -6.71465699321877 66.5552515996995 38.4396505859161 135.344906698394 259.979402833654 73.2117661834729 -330.98953156197 508.714649351006 -193.794030431664 -839.437238130591 -921.00176405989 -187.254068843524 -571.069849283624 -619.286803428315 -112.290633058976
2.31172338081713 1.28765511791351 2.98356681919449 30.4205029841083 22.1065094025387 15.4756426989929 28.000092011901 -58.4647538189614 64.8299010374263 -93.1411902353721 -69.3768288806432 -120.458257938539 187.83116529891 -70.9991382129462 -204.036107885562 -297.006573050528 141.565426115181 -161.784926950999 -848.860079568008 132.189105809677 -162.961523184693 -510.778510956477 238.576364441526 180.921837656878 399.111797227393 1424.00259284648 322.900325112172 395.582080959857 -212.09598438184 -4.88956217140351
0.738549305289083 -1.54522906255922 7.84149103034454 15.2776790369157 48.6001608279265 8.64309583524657 -34.9565985506424 45.0928992698873 -58.3894427468706 -27.1836578985768 33.6555602088458 46.0390188735908 50.6975858160229 97.5689014184969 -282.016117229154 -299.495848339407 -52.9642501694479 -89.8987453905465 3.86338287635511 291.353674108819 941.757491717977 363.821714283292 -618.534835060989 869.06587914631 -680.536434783846 554.032970385718 719.884049384682 564.143813411093 -740.137859153108 259.100102209745
1.95038144171008 -0.244177384374209 7.41516811776842 -7.00190247965198 -17.7145647235582 7.85804271400602 53.7871872637792 54.1672647036193 84.1439323759839 30.5093174151315 241.115780780818 -152.822566710591 -41.315893818532 209.824073473358 -196.187788353572 -114.815704752896 -301.478102022468 -397.921170266486 -124.173004089094 93.6288541089496 -193.022239460062 -188.93999676552 -120.566902054353 328.673286628886 -167.051346318209 -588.33197561942 952.623594195613 -117.668030727137 -2054.05191113461 -964.442790875079
1.65660630194631 0.269911727253448 -0.917707546901978 2.75055715637685 38.534527946499 -7.50646887051613 84.6808620584399 34.8074672342902 100.776817998588 99.7686183720514 -27.0714452631624 -53.9382751621072 119.110012970102 -245.431375951078 421.051116377791 -177.927232259955 -104.937274860068 200.97220620411 626.624053468989 -138.746713730599 388.568636553002 563.443472075062 -395.736389390445 -383.551410386598 215.257672537726 -1727.59784635575 324.796263329529 -550.263068731972 74.0052952406663 -246.34421332088
1.00874108385866 5.32304582604447 -1.89733603334311 -3.7798546968687 -5.13246678641766 32.5497272500218 52.1017939846049 -25.9778793576877 89.5856058062712 -69.2182704955674 -96.7794617128709 402.393713754967 125.661095848851 145.122224443132 246.008896459776 169.290484340993 -267.694579841046 46.5243823613168 379.57653135072 82.9748424300039 130.531691134048 -315.703780889754 575.730570818219 -196.738681144012 136.522855558743 -516.496481693113 70.0384950729205 -382.164546909123 -1009.56367402756 1064.86073923659
2.3795514436119 5.77124035071837 9.5726675332206 11.8984583027042 -32.0642190730494 36.3039298068962 -61.0047692586193 -31.0824168208084 -33.7180732132852 -47.5263476070725 29.2383998036244 185.295119164552 288.198859850285 178.971287010441 -32.0864433598652 125.240335379713 9.34690326886349 -30.5130381934439 243.605772381059 434.372853106637 808.155152726355 -53.3443334596109 -800.901142138695 -14.8563687399237 338.632588338215 808.242911496957 522.024738633886 314.206640888874 -1096.33688562536 780.389770328044
1.16486855082602 0.647806956708787 5.38076529903113 5.90686742444015 10.6611595362985 -7.08021384677249 54.0511066349495 -64.1322605582541 15.0859456074175 -28.2988096336605 -104.889944241404 -143.852547318754 -103.80822666425 362.682937399044 31.3409247397672 560.367654563743 -180.668386202008 159.828128323798 148.385688527182 -59.3878939722477 -5.36633692820702 919.949111760788 -1041.0079040355 399.735250765948 -873.917204710385 432.57604332082 -261.49948552272 -369.898919828313 598.380436716577 1103.04816084785
0.124457224185348 0.978422916804122 1.04047386293583 -2.71584290380732 -5.58592389085821 86.1178477783259 -43.500566214975 -24.1190376789388 -58.6601520379321 -18.9943689601333 35.8872808660616 106.602675356974 -44.5399319588241 57.9805881843216 -84.8454446642082 -165.992881810081 -118.461090803091 103.063536056812 38.4046842885876 -618.096880271398 449.568031539645 842.455338462666 -223.002066061286 916.91297074648 -40.3982560225748 -465.492388358751 177.104270024695 -1871.07210507056 -137.654879773639 303.749713591576
1.75300493743219 1.04728617490051 0.891992249619709 27.5639480330067 57.4361905580906 16.9702910402322 8.10392383138351 -45.5984701029267 -43.0084284746701 132.347656381026 14.9212521314828 122.464772218084 -167.019668933471 47.1049985781751 12.1036470923617 229.084710531448 -9.52786814726087 61.4538885857283 147.072197642492 8.3479697249923 -1125.2536793403 -242.091845198318 -405.473364506608 -367.300948495345 927.183216163133 -705.127923339175 1891.31396026016 386.421554036842 506.829270091574 -665.439305649762
1.7949878938071 5.0707758469439 -8.40806979186522 1.22284030521984 11.572726267307 56.2698099744342 -22.7659425239235 -33.1116647177487 -38.6178891949486 39.5175968349328 -327.310557016764 231.217529868486 -70.0740903067677 109.004881857253 -703.519445302662 6.43387204825261 -120.85722653711 -369.19701784933 -138.246699035947 318.088814901295 90.0081996040144 -370.735597587434 -48.4717988544171 -707.522767194681 -893.050847501617 7.63720599209191 371.406168161354 265.233009030027 1093.15248199036 1415.16902778561
0.876188960537815 -5.53244001017729 3.77806672287275 -5.8960740493156 5.07765393663527 32.8532176867806 -71.6289679537903 -14.9832089066737 -86.5538028777935 174.341031276112 -140.656171995079 -75.2102111922174 -241.201974525048 11.6882174309241 268.870191509247 -98.6135518415655 22.0339022901152 -18.0592604579895 -273.351137249259 24.9700251629081 -477.452525954317 744.352636681477 24.0438938384496 494.557880992021 -1822.80590026925 -206.892177421803 768.068103577401 155.430504902464 -885.292008520433 -1310.72955015696
0.555242825712024 5.8980701918782 4.0709931125358 21.2428197456187 64.581186184624 -10.9321593754826 -73.1346758629544 -69.9148611057776 86.1159901091736 -27.9829411689805 95.2772743698153 -36.6575397621184 -25.6620217683075 58.1252503750279 -44.6713033054644 -157.931007579658 114.435557674437 -332.334617435869 -257.045661565366 -714.050144625011 -216.560646981618 -626.077868721668 -767.838078547814 -325.599898555047 283.48783490686 -683.508758114421 -978.65257107253 -674.106871977398 1318.64373526683 686.551967396447
0.86236397712276 0.492983199900029 -4.69196839218845 -1.54069687239644 -20.6359445159825 -15.2340671809139 63.1244324597249 -19.8612277195327 56.2246947420663 147.606658737318 108.530297286622 225.382261218659 56.9553817164306 -177.879968320011 138.275861280232 -76.9939003209429 100.337872267829 -222.514076201349 311.705725635576 385.512996007577 -295.137715637354 -601.624411384934 -352.158020362598 -56.7577124037687 519.069013779046 751.715949462018 -628.603623180815 -971.622288167316 -381.109718555727 1174.93812327815
-0.508373493469729 2.63201515888327 9.02603077762047 8.81962681250301 -31.0239215872322 -46.4712583175105 -67.6734709523361 -44.4734441309419 -22.3809325392388 59.5032723584654 -126.03637570559 -12.6276070203133 -236.676449300526 -186.788672438731 -33.3560163500141 269.00160156278 -1.90791094312846 531.301119662364 125.246164626917 734.51559842246 -29.5471926263116 -324.771433533228 106.183881833887 104.031488995738 754.754150506049 746.262722138774 1098.67704320206 -122.806791068525 84.1637055579275 -944.364062786271
1.39791506446023 6.41475928386281 17.6813441792917 -1.90046378923647 -4.27326606663956 -7.00327526410682 -21.5697539106997 55.7752648399166 -53.7209681617642 -23.5643228027089 16.270822270291 166.276121006528 17.0676843082054 -164.035975683133 -187.07256044919 153.05415742971 -192.612804724973 392.538679291517 213.719233956 -687.148687265859 -39.5127102363946 -805.297124321416 -285.781835488147 -159.024823439368 386.432565084523 521.290752510097 -101.997576681712 1789.64056781714 1243.47485691166 589.66498657755
-1.08242659402038 0.642908378272505 2.73401905565017 -18.9479680654384 3.84174526071325 12.6649330607369 46.9574022730299 -125.917964207277 57.2070768854636 54.7568932799934 75.6533384590288 -264.708203289583 14.8120343776316 -372.385558390149 14.100926603607 206.829285144729 -189.662790685321 1.69377128800356 305.621795136493 197.711926857792 684.636174384183 -1322.89271694916 806.656688122486 -257.476233132221 -44.8002169143462 275.333026927937 -186.546646481863 -311.035755925175 362.914519113214 -43.1342977873996
0.72150563506756 -0.478071323688388 23.7593009489584 1.6313992085296 9.52111845212032 -55.1209280654323 79.8202413057451 -14.8824364241426 7.75879250022142 -104.853738644572 78.395427506229 -166.892339471251 -219.436889484615 -265.674171255026 -13.3580110740806 99.3482022012734 26.9728254217433 -726.338040767999 -414.77053877478 519.604875403902 814.991995833175 248.06952348753 119.347462047749 757.929495242882 -228.866176337831 927.200893999179 162.752771893388 362.113184903723 -324.506619478965 -189.145637250761
1.24131960184357 0.209644229519892 13.7969568799182 -7.78539202384739 -4.22469915484472 39.5957983606673 25.0717482340028 22.7763329598433 24.8169430942867 5.50244985635451 -47.7943319492431 -209.90398300541 164.613667936635 436.077523008127 -155.660266234938 -125.545313306851 464.064273688122 -167.276348440215 133.363756937719 72.3988756010203 53.7036997479079 258.029790483277 598.359014254776 753.342956619403 -1119.78423561121 392.009684875724 -479.85904664993 635.630499246518 -745.903472343006 108.703749214716
-0.0084107330372245 2.0760700893661 -14.3788059790402 33.2101166825311 16.7671657007602 -29.1938856289249 107.51916449935 -22.5339333593704 31.7115146054157 45.7957328486257 -70.8469727499281 308.547743422109 -212.220701344979 355.66798214926 79.7177214464516 403.087531490541 -365.082138709057 343.63039128538 -303.422315729791 -1097.11219557023 -80.0027369917579 29.1044009122648 946.045611816753 230.672962026395 -258.415698761411 -745.069482915475 -1941.47749194673 599.644531336369 -245.736209500822 -1409.95619808634
-0.416420451361047 -2.69977220642621 -5.14315770163893 -54.1864864729201 -0.320864655240137 -38.1290257664097 -60.1078020574298 22.0761991068582 -57.0852061481553 -89.4653803185162 76.1123426607165 -142.671535271947 -326.071925820792 -50.4839483273363 103.297018893755 175.220703193764 -203.27611036411 282.778220769992 -286.980712181538 455.556434957615 190.88450050094 -561.498872022239 137.601617047584 1002.91041880477 -105.503401350666 10.1537647963235 -1339.76335351623 -764.010736410939 281.343563985827 -833.719474122843
2.74440455541221 5.88918185924563 -5.2433720064802 -7.68069258415814 -3.4465583121487 -27.4415340897763 -36.0459486726411 -111.774364270736 -81.3709671898292 56.1699263100355 71.9137337566496 -249.702866318994 179.36947375955 281.836954399597 161.018258683864 -116.303825395806 -4.20998828529845 377.368487765245 -226.835245741444 -45.5310653652938 -246.36076257304 -160.716454308495 -965.678852052469 -108.035732751954 538.547851505406 563.012157867187 268.323182840456 -110.328701733845 -845.923981999191 1074.41234489095
2.13172307693314 0.437447311759883 4.49604151942311 17.128373590281 57.4687612654283 -25.5135518210658 56.4103378115834 6.14084487054792 -18.8750246867679 -42.6264593721247 -68.199068654397 -189.339186659093 142.826223531796 -123.324005089055 -247.492429634254 -168.500173058345 399.96433881784 -122.396073111498 -424.686349235473 -409.945533527221 165.812214315653 178.55539323562 176.249180928446 -262.067448673364 -81.2793965777593 1627.95533071488 -1418.81737207403 -140.043737690091 -1303.87950661692 273.376877188625
3.14411738844613 -1.38921484100365 6.61360746610937 12.5994957019166 47.8883568707241 42.620141260324 56.1207045799642 -59.8514782735096 76.6393436411248 -91.9897568205662 -201.186859245938 -18.5445236886816 -52.5063700501177 -186.882105304983 19.3959610765616 90.5840670480395 -211.538736429755 -564.986657533869 186.077450776729 -637.882603483068 58.5427840738626 -357.326790474731 -558.36437689234 -48.699971476033 310.049581845312 379.990704788868 174.484954991765 405.444372257074 2333.93817382007 1560.62163245291
0.00207925595526459 3.25682687311568 7.92453588655288 -5.8784629506913 -10.859686893349 2.10496292529039 25.2495079654632 -135.072583616508 -21.0508007533342 -99.573006489869 30.6724864878544 81.371182509947 -342.360495029388 452.899342610871 -268.453253310348 199.794802663789 -340.88667502917 427.233188801023 224.609986460314 164.711348004808 -691.346297899144 -32.9408266930809 -725.764715181755 -784.164305923887 -241.104403291434 -134.534570485898 37.6524359205835 -65.5601715033909 -326.917544772257 381.220081696183
0.674857543422214 2.17031922050024 13.443421958254 -31.6781565436367 18.3377450202882 -19.0907532382529 -40.6056668424439 -77.9794785506404 -18.3459732621932 128.556902140508 -75.4165474796889 -153.037860520892 -156.487890759117 322.370707715702 240.131120681609 295.253634074667 -130.422336488694 49.9448217219494 241.334705705285 227.113153012023 116.974944442334 73.8204623466868 -24.4296305532594 -179.027721425436 -905.504550103649 -379.342843844499 -473.958788043084 -886.235852504612 -512.515175504724 -406.804277273834
0.452594726182198 0.761844851626411 -28.5567057299461 -10.8812689717777 33.364522346762 69.1580481880525 -43.8971512794478 23.5543589005162 157.046339669271 99.9220503591005 -178.513340292585 -104.089656564131 -7.32522564238501 124.053321313238 -302.925983951787 -125.616024127517 129.769978897816 134.379638142564 367.647882672056 -253.488108557455 615.275965008826 -48.1156526968904 299.165057779504 -937.554961692099 367.804565720193 371.724551570119 135.3419207136 -983.936849312389 515.281319989443 -60.8746619073537
1.97346478908832 1.01841428809684 7.31775926470612 0.764869134127179 -4.35177900997232 39.9159252503201 15.0864658963528 22.5565873366654 42.3459657429037 -64.4297408523506 265.834626472643 -37.7185144745826 118.420859417262 -195.795308404114 -81.4452904316238 182.285711023377 388.722327670783 -235.182993021735 155.736927613407 20.390516371214 -517.216214022469 -49.1503273366588 -341.250197782702 55.3014352253928 364.931395055873 499.395043580091 -1045.91264149476 302.495681438303 -857.763014271204 772.416744724731
1.46196041963985 1.41743623023556 -3.57796952741569 36.1084088093729 0.670635157531861 -27.1837988019928 48.4694415596955 -48.6444042263466 23.87371209223 66.3710360374807 16.5563737316725 97.6683393330469 57.9363650384386 364.74427454814 -32.1021157114448 267.493071192463 81.5704480750642 -8.46086253977295 266.801630401614 21.3592818235267 482.171242508005 -409.888901364307 -651.260026139004 329.936322447283 574.585624050177 -613.477940146451 -1407.72943137128 614.043860330687 149.706144979954 593.415285704811
1.07030412048023 1.40532593883137 -16.2901793844659 -0.123630274720963 -16.7955797876565 -4.76507609009939 -29.7861017203549 -64.626086253659 -76.357859134154 39.9196849143869 -81.8141348590595 -139.896448632507 -124.852615406762 299.924684994563 288.67726402213 -638.880360676794 -85.2094612555387 -119.762888800208 430.018631649717 408.133992367432 322.483031712548 -605.3718282379 -632.745770162994 313.162625655514 907.119119019203 -53.0081045909297 1178.41757593547 1220.95086985065 -577.682857945158 -755.370803759711
-0.0174272786081706 1.55518131832717 -8.63720512386105 -25.2523158182695 -13.0625513785678 31.2520975086445 -17.5161732268478 40.7960278414058 75.6573434599136 24.9982243440411 -7.6243667111405 62.8197819460259 175.408338349932 -12.468681887101 83.509280074893 -166.496475545455 99.0326560650786 293.464285665081 313.992880945884 -323.928677958191 369.533747371253 -614.423641590628 675.145215597265 632.177442324455 -553.078387509497 504.313694378052 -458.697593852229 -1360.30742602418 1370.22885278672 286.369365962362
0.664656590380477 -3.63742744886047 -2.85185433912388 21.7896705214828 37.3812340987254 15.3841311129782 37.1255918409817 115.704626682511 -155.719932984086 37.1205811714403 -109.833701721902 -49.204457062105 -86.4158611335719 96.8105947258775 -307.761193620766 72.5414659760676 -116.821181869998 -177.050048751663 -535.707131529486 -202.070389697651 -316.350824329348 348.717515485293 -603.21734683569 907.192356421732 -1478.67548331455 586.553304919998 -37.492589395558 -545.627581881661 -200.900912207932 -652.720306424566
0.755682400744637 1.74899331212798 -0.116856537639831 5.19966311842588 8.02598395003843 -19.4201663600439 49.1081183081671 -70.5848276070076 -60.9450045843795 58.0041878771173 -8.6345223312979 -258.390197839106 392.522845964435 72.4059850549804 -50.1938335331822 91.2802905404063 67.1443762896484 -507.0479247944 277.807945272969 -810.662627131316 790.809914181237 -562.652380133813 783.717664002662 -443.066671760027 228.323852519715 961.003935883742 586.03699658188 -942.896819316722 -213.365252948572 261.460443285257
0.619823255556852 -1.03421108094875 -0.406019078099025 -2.23436848980454 -45.934601642667 12.6051715133555 63.1969024559636 -84.2400199264896 57.8764833169615 -113.724837878278 84.882988547958 -12.8226910272348 -127.893625971695 98.7146153150663 -257.375950404498 -271.838865755483 -296.739184610772 -391.627873738691 -383.105341256134 -380.698850623837 614.347020965506 -306.724959644852 -979.045115407755 -714.547194574997 -264.773757485687 -598.757779804516 -1348.05796768263 1425.9197288836 -87.4958231984637 -132.96379871863
0.653361488052799 3.63455941757625 -10.8747385445932 0.277977862115741 17.2528517313362 -7.98461860097538 18.306984965338 -59.3939516162321 212.179424537022 12.1234990864998 -118.146647736356 -116.100514164523 54.9473981040799 74.6110208519604 60.5672316066623 -36.8829835377179 -12.016003326186 -24.1800591176098 393.149850076745 178.1294122357 -633.660095468075 465.517720162543 -328.667398839344 -226.80489757788 -248.459482603434 158.781754205206 -321.556612077331 4.08093045743117 -119.46546358829 -375.708885810701
2.40963217516998 5.44344209670241 1.29041617228408 0.722106904420705 -7.28655542315056 -13.7757939554721 -41.3007777293243 -61.5363716561303 -79.9042707455239 -187.864703940603 -192.667561889387 269.405402812945 26.2834011667925 230.17513758973 325.862068719537 -176.402923038101 48.8474523363801 82.5254056040883 -305.29397232589 508.80735484498 -62.7383421017601 -831.245915803414 -574.526020314324 -476.190330702387 125.921813882142 1012.10152229364 87.9721551820418 -853.942389657123 1279.89359973 1271.74044270317
0.696365711650823 -4.19534253559158 8.87777511385285 23.526878348219 0.541322624329829 -15.0585154748469 105.805427912214 -45.8020704702428 25.4168995319319 135.823487650456 246.25488368614 -70.6672035268743 -187.439226544202 97.8395164948194 89.7612504381956 -154.383929416197 -571.211015792419 438.247470326628 -116.635982495679 131.283207849655 -92.905056407388 -422.636530982325 -741.542482453307 -505.292596354033 149.426066068281 207.8568517538 -315.423915776984 -1571.7549308065 -612.39406701071 1166.60046328622
0.459671828417309 -3.82779399674535 4.42065156738454 -41.8468114219054 1.29211107760588 39.6017319215753 -63.2139787884184 26.1364102300991 -30.3941531045719 -60.2963131247021 -46.124586861946 -229.449599883153 146.181476527041 -257.366858347135 11.8801135399856 36.3175383434396 -456.276433299565 -299.503205585878 -118.250879813538 -247.000461135861 451.339285229975 -920.680332085182 -313.932083222062 -770.714934137658 -1130.72016136952 1159.81428651365 -1064.59022399826 292.672687920845 -742.187642162853 688.286659430402
1.74237872830398 3.4314609633709 3.61276346522767 8.7456632014811 -11.1878269602096 -27.43542237893 -15.1678545521329 -63.9318135578122 21.0327138348176 -86.4687968529436 -34.9638480515704 -33.1577697496545 -78.4275791977803 211.049508770592 112.90110855879 109.852103641115 -322.016249111016 -179.024729800176 429.789254372436 925.04210854235 481.408323922317 -210.497215690436 -793.60201270399 253.825538010421 784.33498675898 1032.35402970619 22.2124205084124 745.75828939678 331.783509588885 527.551636458191
0.837514049938136 -7.05660219845967 -5.1583631961149 -37.8646021462827 6.60255373225407 -23.0390864719879 -10.0399036288062 -94.0179671352087 23.1254189246729 -155.894739365907 -51.7984900414724 148.772088042455 -89.7183374763076 117.431090207877 -299.242872502934 -539.397034324349 -351.40145116318 925.025236470208 -189.460926303072 -107.079278162716 55.0710049123066 -207.676647446506 654.028142461997 236.007853927114 -812.978882493387 1589.02844210647 2156.57544277878 -352.6089239162 -1520.79118607524 -23.5317097048693
0.643501367320805 5.89489836125664 -13.6609146684914 -27.5143766555564 23.8195857298461 17.0983283147434 -106.97064775951 -24.9756621200645 -35.8782188694363 15.6732598975509 144.258700750543 66.5271502923643 46.2069182062995 -8.30342148077609 87.9443671286063 96.4670305166308 165.887216088329 411.078600271663 -503.762746632184 -375.049060185419 -640.801511943072 -417.761947379955 -91.1803291468966 -625.05330382854 476.008848599658 45.9050194806664 -1045.15859686602 263.226350529661 -831.366852724193 21.7146756241176
1.80553129907829 5.52573300985778 6.44241042369719 -13.5909294779525 1.22891269639016 2.6318022645887 -9.85024157497037 -35.4608507673047 -110.957962201835 -102.129128716903 -58.4639998724009 127.222015254163 128.07395607142 30.9689140761507 -336.267438495556 218.762346755068 325.18565156658 451.045015127919 468.983171830252 233.400240814625 -210.095996080875 -395.588567970989 -989.674973583792 73.3047230782108 148.732763431429 461.694801850673 1970.89104579198 -335.314183856415 -40.4478797112978 -850.268853142168
1.79092405231919 4.09261066263117 3.43222907573939 -0.847935328878588 3.54671672666468 10.9799133730407 -21.7275668842961 -1.39687101443611 -1.82292958396093 70.6202824385253 108.91029716624 -42.2626207373413 302.427324242999 -58.9757462641795 -324.417121769839 289.233223980932 -139.439591340694 -92.3170746332454 -122.42484619783 -124.017073329802 -15.9005548680939 58.7287914937958 548.38646258232 -868.241767220421 -192.079478349336 457.104797720726 289.2683230968 944.178435427709 -505.594949513982 515.900563087796
0.0702628460977904 4.35047824001458 13.1620065787271 -16.3332904657314 46.6942969890488 -20.3090616332154 -37.9544254145797 62.905469372479 72.3148553085335 -9.91900568727113 82.0103646495737 -70.957540762784 142.485384420867 293.467990871137 -206.01546985255 -106.640493813958 49.3778681208752 -225.818170099153 -49.7537909272409 -336.117715284415 -204.132374714013 217.646516650637 -737.55786422222 -687.855876429504 -474.146731723696 67.1729782238085 -223.91364876135 964.036396726412 162.623263472265 748.854666474053
0.118800788158561 1.14496144347308 13.3845790431951 6.97139858304814 -22.119498620161 -22.2247648860945 -65.0782261899523 32.3835642170419 -22.5885461206041 -58.1844908232925 -86.3748547718042 81.7492381114476 208.022075693691 -121.619578014772 -160.877588346186 -151.012465269277 -8.38255688873354 -193.623188581947 276.40687452532 380.153776198123 -71.4055430404551 880.975403258932 280.139319098326 -345.874566169794 396.554249807501 274.321678648769 934.655018819368 -1212.3432776674 -781.851181021071 678.041805020589
0.457134815939723 3.51329682045688 -20.627827293541 13.8514934182923 3.87865823215333 -11.1417194272233 5.65602603770236 65.1002095703924 -124.108467367005 -55.8985821918169 132.864306042033 -190.248645910794 190.76734727758 -148.505492944799 -234.330550496306 195.689514830345 -300.39749521088 614.620858471972 633.855711739683 335.086247522789 476.858805749787 -12.5348577508498 424.702327534193 527.353399866275 715.935390814593 618.857787118352 170.426398857384 200.567907459978 1731.55978502552 1261.57963632492
0.859537668031948 4.12192805083314 4.8538537916768 22.4914830461792 34.5408026629857 -61.4460947781769 38.8022371013498 -141.177153439064 1.52366399266579 -6.36241436768913 -110.17264466367 243.081600129813 -413.523233337822 -76.8355309560605 41.0853092118914 299.332325245331 -54.7599134895259 -344.442982712184 17.0252040896374 -248.938717305466 -536.938975057427 534.093725347444 273.002795301683 -66.9923440722501 -185.374824638625 270.113906322999 39.1017223289214 360.356203436737 461.514668213851 55.5129861580593
-0.395836404448142 2.07273449199005 9.50554158303286 -3.38598914978034 -16.4007495204745 60.2838688903395 74.0847478955377 -0.394367402560979 -60.708477198535 127.391930223279 -174.251538617441 -45.1869860486392 266.492185708813 -170.411047648268 -160.561381703083 82.8069805697848 -467.03107403857 529.405826597627 -105.324588041265 684.829120309289 -667.447660089543 188.373772893796 95.0519747305378 87.94523755224 9.30332709151304 974.296748389351 457.521337732373 -73.9297430232441 -1.86338547746697 1605.83630081626
1.78515272495717 -9.60982234528539 9.97776077871097 13.4427611234928 -37.2241708423225 -70.2022197987724 -68.6106505254571 -31.6971847847668 -38.496821729521 -38.2950333995274 97.0838403430918 42.5543451840353 -144.73570900554 83.0325181587548 -301.62242969776 152.858334701888 -187.631595954691 -319.378950399148 203.181428881361 181.429860183873 92.1511444714179 554.32014078778 -885.690107734662 87.923226650789 -508.327771209165 -241.694342145685 -918.411652010778 253.060244734418 -734.297592382518 -248.257308942559
-0.249752809463958 8.51085783725724 14.1511186449657 -9.41598378822337 -16.2876507288322 33.9885239388623 31.8799099257045 1.54388592335092 14.5357808036376 -212.799837066297 246.245478464394 81.9885000258407 62.4968351017652 213.514225081584 -98.6392663378065 -121.506391891222 -35.8242174098868 119.159701202254 -310.510158898965 -57.1858597198178 -120.832720366471 -376.540260709898 1158.17630417556 774.340990184931 381.091101232887 315.737392666909 499.427302903301 466.754963187387 -250.217890922691 32.7497025010861
1.44116471875582 -4.02697671782654 12.7681230067239 2.33880126057715 -0.0537751430029147 23.0370710680476 18.6984614124142 -53.0872367376292 9.19404769245975 20.6783150018533 -99.1981312853426 -32.1008588667339 70.5984650568615 -79.2892174488364 264.120575024606 -375.17393330807 -34.5578758599877 23.5802359437631 -310.755759580031 -195.902994704028 508.226158052912 -600.996772936498 636.148667299891 -124.563441299645 211.440043220562 398.427261746451 -546.411916653407 486.725183386885 165.321092196094 -12.934972685069
1.66368534830194 -2.87574119074674 -0.689216792075111 20.3957867344282 -20.871684210092 20.2107856603233 -17.086443911784 -13.0240974604381 -59.1520121519294 33.3309178656712 56.8397670022918 60.1140657482032 294.772710768086 96.3296773486099 -337.99991386984 -370.766007635019 -90.3455569437699 -615.409004117642 -547.364768328907 94.4951050052239 610.602219307647 778.615651441353 -716.357701215201 -286.00643627008 210.730242724071 634.834698013829 -1727.12599886325 -1394.85779661428 -224.476113844263 974.237499093272
1.94791592458763 -4.63996633685859 -6.62950040672358 -31.2637158348926 -20.4832407539407 -22.9913427918403 -19.0673556999384 -100.823520647113 0.221033372628516 -216.124123402807 167.182645644405 160.595408673097 -8.59223772803796 82.7990750147085 -294.232720110877 -281.764745769774 356.065968571615 -683.129700655843 -539.49611315528 106.942321153787 70.4614077327848 -188.904183147544 1039.99532246719 -1121.28208264077 -7.72029113290507 -1133.5607569983 800.533602943881 -157.988230337811 33.5986494634564 939.941702464335
0.658969942585885 1.65021070592691 5.24787133454554 7.76763576338865 21.3716275014872 -59.2394643662441 -74.3641294119608 53.727248351675 -46.3118608380341 36.4664312654867 165.461403735594 42.2079683331597 -26.6284799815877 111.647196222128 171.779078850879 266.143682833768 132.242627205278 -69.4543326854554 375.951913575324 144.600654736893 723.699117748502 948.909843883899 786.990836840711 524.40443325325 127.664843232217 -1258.77460371849 -343.044892349133 12.4270973752122 575.900707471854 204.168864755124
1.39508526637317 1.97468595065874 15.2553020158713 -17.0856096127444 46.2008854790524 -43.3701583374768 -64.3768215432422 52.7242989505547 134.327509385076 85.2331455353861 -32.6489905845513 -25.6451372717604 -205.361474109138 232.451911398149 208.458326057644 -274.789581372866 25.0193124221379 -105.056293254207 -62.2294195748324 827.308035863493 1138.22662180373 830.077137361895 455.329904129856 657.605506660649 419.405176617034 -698.837852516458 -663.073320892295 23.659860796336 541.824361128725 1069.03308038072
0.433677028960401 3.15163061142823 3.61853315421672 -30.8895881714197 -11.9509996915221 8.67223562576915 83.7045643648604 -18.6538001644648 -8.03454859604156 21.9073825686069 98.5121544755262 -133.413657682085 76.199921879083 153.203025522731 -195.459880212046 -33.3655791739434 96.9455514818941 -117.79805850258 -368.918997120458 -352.42204985083 402.532716461862 -182.689197324186 407.573155797959 291.22286121929 189.771921359511 -758.45930879827 483.784006290882 1719.71192375394 -26.7635747374322 151.877903176638
1.80400831769593 8.50142829219719 -3.93609781739806 -12.9246204786144 0.616899506326647 -30.2655765822016 -17.3398036658971 -10.8156418196608 66.863458739164 -60.1627576818283 224.613935657832 107.554520008523 34.2539987289176 -15.7541818293636 54.1383741096129 380.709293027993 -407.714026066866 421.870161220994 -7.97563433273901 320.560961184709 199.279435972814 -522.836455650061 -487.008157482212 878.335591375014 40.8341767276293 561.155536584695 -630.172860532925 921.879671075744 48.1623087392484 -191.347911027157
0.471229218835365 -2.40592448226863 -0.469187849244016 -3.33845524673262 -57.4810318891432 15.2829640047842 -31.6022792283425 26.0697714130193 -133.221177913549 63.0363290255898 -23.9779834893023 -125.699660332515 30.3122452684025 -64.5952173259235 -174.416370526804 -434.238980290717 195.542862443747 -333.726765597945 277.412260223252 -552.778250219293 -984.830270307327 297.595126504482 -640.85100241267 -872.717832441401 474.512918224606 -656.013301174739 821.227765684602 -208.790719644878 2207.5882413135 -119.841087081998
1.28384680417922 -0.230377200720709 -2.31672909049666 7.55833887787408 -12.203144726171 -10.5468802981844 -12.320239245254 -20.3253977506004 101.023229654544 50.1818573121023 -91.6059144028229 163.617720049582 28.9045728673908 -129.256891202713 -227.595938285972 205.268523409144 -257.758553051539 136.571026574281 7.69283108253771 452.548843758991 -352.578852116819 -799.893140372261 -649.97122859612 -128.887518397818 1773.3683260814 184.818822197065 77.85922324109 1382.14085823397 -270.41132959842 424.62439042771
0.811665837375395 0.502525648193033 8.02489238486985 3.12094394160964 43.6447723575468 -36.2912231764365 -51.1885985357993 -3.80155855115483 102.383397022843 -41.2233242834306 18.0737013808994 -49.4932288048125 236.8752984702 -44.0691197007454 526.524076627777 -176.185180745789 315.355324619901 -585.18063508357 44.6078585899437 460.830432392419 -653.787804753961 -225.918697765664 404.061674985 799.561813833225 342.098858282638 -821.590300526764 -43.4343277799058 397.881006247145 -689.183307281857 593.847224017204
0.225215389631561 9.91391758336522 5.53186110937204 2.63106563720163 -17.3150232140455 30.0721728305056 33.6064887753897 -4.97527627901538 24.5432823464047 47.557339462517 81.9453366308948 -66.360386083808 117.323169285399 117.010611312395 -235.232495976009 371.909790862714 -338.700631101554 113.886877874981 201.116658371546 -544.57308277686 -153.524909286679 -67.8037455278839 -85.3213606579627 -876.723660201664 -465.820636810908 1433.19723077327 -23.3101928166491 -1038.76809822252 -359.31691267466 522.994138344515
-0.163934366540816 -0.0557609127354639 6.80365335911683 13.4545991362716 31.1485936928885 45.9867342193324 14.373390797787 79.2028332117578 1.03429100244004 97.2088136542875 145.778567668304 81.7602711057117 -66.9385325271432 159.524347208848 -510.880928915045 -251.711584391771 75.6884316468002 -531.119523032337 108.310084487324 -54.4148663481613 -347.482618810782 38.8664905686402 89.1883177870096 -485.959300948103 -784.61666278081 -579.789177085574 13.9365877343429 -386.896275400488 660.343911560959 -583.955900533038
2.35410967820232 5.32246987083606 8.96218274589328 -0.60077478811567 -19.0266427835579 -7.69840336483496 16.6045399978923 4.69201821233232 -95.906032261794 94.5908597455653 -66.0962623610276 136.706214322332 -59.1738383721558 78.3349397355217 -160.415153500018 305.92247389675 -92.4876993971347 -63.0023399247692 487.346561888853 141.05685115678 67.200588944426 -275.83820624031 -364.146431792094 563.674061263888 257.976157946148 1285.09787392094 -225.71898842501 936.673934091764 -237.244409243675 -85.6933390119929
0.375641251405996 -0.0160149885553744 -10.3589291156277 -7.88396049208877 14.4600043074526 -36.6257828603103 63.9588179137827 17.123868452009 -46.3605935185954 -6.66539059325026 170.275546555129 -77.9829658858676 3.79523966371594 258.440360796299 176.397048422689 55.7735824893258 -431.492458492356 312.469181192262 90.1813945836532 -195.040702693619 -12.6943890710571 440.164440292615 -154.516184482285 -1051.46305538541 -258.769145597065 718.470953646156 2089.44477346324 -575.541704927572 -2042.06544365764 1392.45214883567
0.938272528992144 -3.03551203337863 -0.0408237801362588 11.4829938635657 -7.17569722437162 33.5645198926929 -25.556403994332 -58.7694193456579 -109.285702393133 -134.202149576914 59.8830004726089 -74.204762923801 278.636723597376 9.422056905369 -160.619290877459 457.538821146303 -136.302553251284 -416.410229503188 -659.173310866515 -952.113695088622 251.231386982602 -165.489092824219 428.405513996699 140.604787250618 -676.612283404309 -604.378355260404 -1015.66485983808 -47.2991452902785 -1542.03835431249 -372.491409542227
-0.173144917595581 12.4704444486349 -1.01789563696306 -14.527568848825 6.40284820892216 35.6154276709685 32.555959523879 81.003635561689 -17.2393479429713 -43.8039238894238 -15.6597741134886 -158.088999981342 -30.6807679550922 270.442263322741 121.245723392641 449.836149501948 -504.093523493552 -344.763654422901 21.5353102452464 218.893983205872 -123.722053011681 -332.860797072364 925.202166832396 -1449.55125287539 352.887355439613 260.72861090593 640.349765374179 1288.42663102474 -1857.89621032154 1893.43041026298
1.88209532447313 -5.48912621267411 -0.852604586107465 6.58240015699522 17.9053762494818 -38.9111387672347 -7.56394537052576 43.9987258697252 23.9121412054816 48.1085201788321 -138.080302196648 -8.57861473145436 90.8426399255733 -123.789094462222 83.730771963281 -51.4500579521143 133.326915430537 -231.970127087562 584.019422403133 46.0565774763684 -1384.04790339559 -161.528944638751 552.292295971382 421.611537439042 148.21944663885 309.027082811161 362.309544335683 438.190115479005 -632.879531172111 912.370571809168
1.21398870747147 2.85178848507567 -7.33762840503915 3.08533238440308 -27.4299878699755 30.833701521352 -51.9212940774302 -33.6718706986683 -113.668393086712 46.2206428299804 0.677038749023497 -37.9914089948536 -167.388858368067 -157.474467665799 145.534351643853 -6.07426011871978 254.456542653319 -357.540325597954 213.891003534744 55.1859666193734 -381.210073164176 -379.753528607909 -171.57083984439 -87.5655722888814 -597.74412035082 -447.000681539677 905.138440134733 -596.42662738214 -406.35440239454 1165.93800048136
-0.13940094785016 8.6361635417703 -11.7118087561192 -14.6861395875402 -15.4662739466706 16.4218900923932 54.1833564113595 41.0397650422124 100.676570813018 -107.801267136946 -35.277276973406 -199.579380582203 -150.268656889425 -67.3760664081767 161.937286945425 -353.121632567862 68.5168415727995 271.638235510559 313.260525911948 113.796552301831 68.0946719663522 -484.831021973422 800.16747844028 -281.231450055682 101.556460116738 145.395509930779 -61.6433071297969 19.6934012457038 -1898.66883047864 1616.91366256338
0.524191670064934 4.21371079943769 9.63374276841207 8.62390881381988 7.62508042227931 41.3273189804876 18.1023880734551 119.448227178988 -37.3413369194298 -62.2912534744595 93.5798266630284 -37.0103411571903 166.977028498597 -146.345321800577 -460.607976050032 17.4730259288604 68.5203699198077 316.297168200138 -131.2658816931 -155.936983471504 -25.9057345628093 -143.383266306001 224.440348677594 -575.948720797436 -628.406428813622 -505.140779402238 83.0414530598848 -209.427580550413 1431.46134185013 -941.493727235843
1.61733502072421 2.02424397225389 2.73217987558552 -7.00900610887112 -25.9527678656745 12.5516249429849 -85.0745407603844 -40.5884937232062 63.4095193266284 -54.5965158376914 -23.461508339042 89.251491094781 320.189124932617 612.131024006041 273.502164182069 274.849358177056 436.789215994717 -462.209168677937 -75.9440109486283 -272.853210602919 -296.565366282092 79.744194297741 -205.290510697064 -138.829337020113 211.009896264136 504.524562273391 -965.854736241064 880.233608767251 1185.47370719941 1927.54765197309
2.6978946191153 -7.81427165960086 -6.58214879219637 27.9851997004193 33.5632333301752 15.5909037873719 7.854113638012 11.8415581538307 95.5049942837253 27.1664148886468 0.488105016080068 -51.3657196846547 75.3901294613959 -22.4505576957731 452.954220995317 -681.748732706947 386.856487199798 -0.0124742125025632 -862.612570364326 143.242393623323 -456.937454688945 -18.8492916107842 1353.65008981564 586.094994416976 84.7305166652096 736.364472021671 -555.728297228362 -248.561110757825 104.495090354153 545.339414332626
0.888116724878549 5.17376630075768 1.95350474964185 -18.5455375318959 24.2548669140222 74.0202327603826 9.87557178207221 37.50343640083 61.6278883031483 -54.2000820362612 43.7770904634039 86.3178834605504 -162.853394389176 105.036903741472 35.4396935434236 -157.175896950509 340.061406397685 -436.868349601359 -437.343075218885 -570.760297101115 322.632013389096 -328.504456349935 -17.5709960617424 -258.588888316601 -187.436166903418 -515.576726126683 15.6231385022195 231.43247214066 -274.70994652523 -902.393236657189
1.62000940647911 -1.11745642848499 5.31842773861049 21.6265290194359 21.1938189387312 31.2984534030942 7.18780889247918 -56.3263840795853 14.347669884997 -156.529850926585 141.269182967447 167.770131968811 -157.333173440297 -20.1869250075362 76.9196245071849 256.020606708921 213.114076394383 398.264794378196 56.4330397560771 262.937285671699 289.099450883274 -262.406302883388 497.287891207495 -892.505245972884 188.262682766077 264.015129690883 250.520998507586 854.90571324947 61.3686910752678 -164.890649727703
-0.0895022753055512 6.71077999246216 -1.14216205214747 -9.35726612319885 37.4166097787979 -28.4620621499968 -71.9717819210674 72.5573139762439 79.9237048818637 -45.2692934391293 -218.350023957862 31.8767452137969 -114.486288486801 -69.1555970920016 123.817436047686 -75.4278070996893 308.525034875254 433.306166301343 463.475171887073 -752.884866528708 480.185367032035 -385.706407953924 -203.444870845227 265.344699287677 -1102.25814474293 -557.996449594876 -362.52126935593 510.333931894248 -313.93303142319 -220.788883352045
0.939822944599774 3.98931361952915 12.7690590505742 9.82073875998119 6.92977905420771 -2.01560527939397 65.7674327099781 -85.0522400301707 20.5485048348707 -3.47359156664486 -11.0622010549126 -128.289856402838 -110.276668699437 -73.5226851379205 -0.425864020267959 2.03950119247783 -46.0205277830652 -170.583906492513 631.497032445386 73.346433169342 172.707305933924 842.581413379413 -418.332951020504 -674.409179234725 212.371501575236 -87.0788302727128 293.015909628896 617.163320145537 1303.1189847342 -1005.81031807176
2.09683577004566 -0.108800955402061 2.89559268843996 12.9863055839433 -4.9753295436165 54.9702369354719 20.760800848622 -18.7217488429712 44.2770551856916 62.8435176637883 1.67726271650889 -89.7686149731068 148.724711573544 -226.929824305622 -539.391955933633 224.88543906522 493.648226884215 -506.601397736759 -237.744793623097 -580.469414153949 -66.6391452027369 -823.184195027859 -166.510766931949 49.8357406028881 -369.746086440927 -358.365096596731 897.397207234262 -1123.37076042589 -302.798797466253 292.492894450564
1.1747822247378 0.0386077514690837 -6.9143060009067 39.2130488698772 -14.228691143161 -9.46087083904499 4.25408338978888 -40.4250389914521 134.911987272732 72.6551379981654 4.64441600978585 -88.5430771366182 -3.47029834003701 -28.4266591604322 366.102729672314 90.1625052993081 238.616805982507 -274.466995875961 -169.77233506166 446.826585785369 -197.765227059527 438.557557593136 347.272229213483 326.917973330652 218.151389627372 -965.401441938022 118.388643219313 939.48359693181 708.33625279337 -125.612143415325
-0.0693966371184369 -2.73864674735422 13.1688041643965 7.65336635112374 -37.5307378331479 4.40537210245475 9.85388326134976 -128.853863971244 -39.0517823600601 36.8212309902318 74.2132135185851 19.3002039092969 262.268815041352 102.351032992917 -405.675323730113 417.256296000094 412.413095622976 48.7019099500566 403.931945509895 -137.556090657627 -202.509798360779 -445.807746057452 575.02710416697 -292.369633208132 -420.82374022667 -1069.26366495529 -321.006939459953 280.206702771623 58.8850573243937 162.325255269213
0.750782815189348 2.07130043433989 9.49490591577721 -0.0889859330800795 8.01034371422405 -112.746714375119 5.4636492329471 47.9898530419811 -17.8093968240855 -78.252373717717 11.7614403525968 -172.67719245291 150.232704066944 15.571748646211 -303.750656095734 -528.995612221015 445.926072019672 619.860775072281 87.8984427792204 79.0077192336491 256.197495064535 809.140922134685 1280.47836038794 1362.49058848729 -1198.67758286716 1226.8159763217 1075.89380223702 -620.401940969336 416.21801961955 -719.965727499435
